5.0 5
5.00041555054734 5
5.000831076877033 5
5.001246554777249 5
5.001661960047786 5
5.0020772685058725 5
5.002492455991974 5
5.002907498375572 5
5.0033223715609365 5
5.003737051492878 5
5.00415151416248 5
5.004565735612811 5
5.004979691944601 5
5.005393359321896 5
5.005806713977679 5
5.006219732219453 5
5.006632390434792 5
5.007044665096843 5
5.00745653276979 5
5.007867970114275 5
5.00827895389276 5
5.008689460974848 5
5.009099468342545 5
5.0095089530954695 5
5.009917892455995 5
5.010326263774341 5
5.010734044533596 5
5.011141212354673 5
5.011547745001199 5
5.011953620384334 5
5.01235881656752 5
5.01276331177115 5
5.0131670843771605 5
5.013570112933556 5
5.013972376158838 5
5.014373852946365 5
5.014774522368618 5
5.015174363681389 5
5.015573356327876 5
5.015971479942693 5
5.016368714355789 5
5.016765039596272 5
5.017160435896147 5
5.017554883693953 5
5.017948363638308 5
5.018340856591353 5
5.01873234363211 5
5.019122806059729 5
5.019512225396637 5
5.019900583391595 5
5.0202878620226485 5
5.020674043499973 5
5.021059110268626 5
5.021443045011188 5
5.021825830650306 5
5.022207450351125 5
5.022587887523633 5
5.02296712582488 5
5.023345149161107 5
5.023721941689771 5
5.024097487821451 5
5.024471772221673 5
5.02484477981261 5
5.025216495774686 5
5.025586905548081 5
5.0259559948341215 5
5.026323749596581 5
5.026690156062864 5
5.0270552007251 5
5.027418870341127 5
5.027781151935382 5
5.028142032799683 5
5.028501500493916 5
5.028859542846627 5
5.029216147955504 5
5.029571304187777 5
5.029925000180511 5
5.030277224840808 5
5.030627967345914 5
5.030977217143239 5
5.031324963950267 5
5.031671197754403 5
5.032015908812707 5
5.032359087651551 5
5.032700725066183 5
5.033040812120217 5
5.033379340145023 5
5.033716300739046 5
5.034051685767039 5
5.034385487359216 5
5.034717697910331 5
5.035048310078668 5
5.035377316784975 5
5.035704711211305 5
5.036030486799795 5
5.036354637251377 5
5.036677156524407 5
5.03699803883324 5
5.037317278646736 5
5.037634870686692 5
5.037950809926229 5
5.038265091588101 5
5.038577711142957 5
5.03888866430754 5
5.03919794704283 5
5.039505555552136 5
5.039811486279135 5
5.040115735905856 5
5.040418301350625 5
5.040719179765949 5
5.041018368536366 5
5.041315865276248 5
5.041611667827559 5
5.041905774257577 5
5.0421981828565725 5
5.042488892135453 5
5.042777900823375 5
5.043065207865313 5
5.043350812419606 5
5.043634713855471 5
5.043916911750482 5
5.044197405888029 5
5.044476196254747 5
5.044753283037927 5
5.0450286666228905 5
5.04530234759036 5
5.0455743267138 5
5.045844604956739 5
5.046113183470081 5
5.0463800635894 5
5.046645246832216 5
5.046908734895263 5
5.0471705296517495 5
5.0474306331486 5
5.047689047603695 5
5.0479457754031065 5
5.048200819098318 5
5.048454181403452 5
5.048705865192485 5
5.048955873496467 5
5.049204209500734 5
5.049450876542128 5
5.049695878106218 5
5.049939217824511 5
5.050180899471687 5
5.050420926962825 5
5.050659304350638 5
5.050896035822715 5
5.051131125698777 5
5.05136457842793 5
5.051596398585935 5
5.051826590872493 5
5.052055160108532 5
5.052282111233513 5
5.052507449302746 5
5.0527311794847245 5
5.052953307058468 5
5.053173837410886 5
5.053392776034156 5
5.053610128523118 5
5.053825900572691 5
5.054040097975298 5
5.054252726618322 5
5.054463792481574 5
5.0546733016347805 5
5.054881260235099 5
5.055087674524647 5
5.055292550828055 5
5.055495895550043 5
5.055697715173021 5
5.055898016254709 5
5.05609680542578 5
5.056294089387535 5
5.056489874909588 5
5.0566841688275925 5
5.056876978040977 5
5.057068309510717 5
5.057258170257127 5
5.057446567357683 5
5.057633507944862 5
5.057818999204021 5
5.058003048371288 5
5.05818566273149 5
5.058366849616108 5
5.058546616401249 5
5.058724970505656 5
5.058901919388742 5
5.059077470548645 5
5.059251631520323 5
5.059424409873663 5
5.059595813211628 5
5.059765849168427 5
5.05993452540771 5
5.0601018496208 5
5.06026782952494 5
5.06043247286158 5
5.06059578739468 5
5.060757780909055 5
5.060918461208727 5
5.061077836115332 5
5.061235913466523 5
5.061392701114429 5
5.061548206924122 5
5.061702438772121 5
5.061855404544918 5
5.062007112137532 5
5.062157569452095 5
5.062306784396456 5
5.062454764882818 5
5.062601518826399 5
5.0627470541441175 5
5.06289137875331 5
5.063034500570468 5
5.063176427509999 5
5.063317167483028 5
5.0634567283962 5
5.0635951181505305 5
5.063732344640268 5
5.063868415751785 5
5.06400333936249 5
5.064137123339771 5
5.064269775539957 5
5.064401303807304 5
5.064531715973006 5
5.064661019854229 5
5.064789223253168 5
5.064916333956127 5
5.065042359732618 5
5.065167308334489 5
5.065291187495072 5
5.0654140049283445 5
5.065535768328125 5
5.065656485367286 5
5.0657761636969765 5
5.065894810945888 5
5.066012434719515 5
5.066129042599459 5
5.066244642142737 5
5.066359240881114 5
5.066472846320458 5
5.066585465940111 5
5.06669710719228 5
5.066807777501444 5
5.066917484263785 5
5.067026234846632 5
5.067134036587924 5
5.067240896795691 5
5.067346822747554 5
5.067451821690239 5
5.067555900839105 5
5.0676590673777016 5
5.067761328457324 5
5.067862691196601 5
5.067963162681084 5
5.068062749962865 5
5.068161460060199 5
5.068259299957147 5
5.068356276603234 5
5.0684523969131146 5
5.068547667766263 5
5.068642096006667 5
5.068735688442543 5
5.068828451846061 5
5.06892039295308 5
5.069011518462905 5
5.069101835038045 5
5.069191349303992 5
5.069280067849011 5
5.069367997223938 5
5.0694551439419895 5
5.069541514478592 5
5.069627115271215 5
5.069711952719208 5
5.069796033183671 5
5.069879362987309 5
5.069961948414315 5
5.070043795710258 5
5.070124911081973 5
5.070205300697477 5
5.070284970685879 5
5.070363927137304 5
5.070442176102834 5
5.070519723594444 5
5.070596575584956 5
5.0706727380080014 5
5.070748216757987 5
5.070823017690069 5
5.070897146620144 5
5.070970609324833 5
5.071043411541486 5
5.071115558968185 5
5.071187057263761 5
5.07125791204781 5
5.071328128900726 5
5.071397713363727 5
5.071466670938906 5
5.071535007089265 5
5.071602727238777 5
5.071669836772441 5
5.071736341036344 5
5.071802245337734 5
5.0718675549450944 5
5.0719322750882245 5
5.071996410958322 5
5.0720599677080775 5
5.07212295045177 5
5.072185364265362 5
5.07224721418661 5
5.07230850521517 5
5.072369242312711 5
5.072429430403036 5
5.072489074372197 5
5.072548179068628 5
5.072606749303267 5
5.072664789849695 5
5.072722305444266 5
5.072779300786254 5
5.072835780537991 5
5.072891749325013 5
5.072947211736212 5
5.073002172323986 5
5.073056635604397 5
5.073110606057323 5
5.073164088126628 5
5.073217086220314 5
5.073269604710694 5
5.073321647934556 5
5.0733732201933375 5
5.073424325753291 5
5.073474968845664 5
5.073525153666873 5
5.073574884378679 5
5.073624165108375 5
5.073672999948955 5
5.073721392959311 5
5.07376934816441 5
5.07381686955548 5
5.0738639610902 5
5.073910626692888 5
5.073956870254692 5
5.074002695633781 5
5.074048106655535 5
5.074093107112744 5
5.074137700765794 5
5.074181891342874 5
5.074225682540159 5
5.074269078022017 5
5.074312081421206 5
5.074354696339062 5
5.074396926345713 5
5.074438774980266 5
5.074480245751016 5
5.074521342135638 5
5.074562067581395 5
5.074602425505336 5
5.074642419294496 5
5.0746820523061 5
5.074721327867764 5
5.074760249277698 5
5.074798819804904 5
5.074837042689385 5
5.074874921142338 5
5.074912458346366 5
5.07494965745567 5
5.07498652159626 5
5.075023053866151 5
5.075059257335567 5
5.075095135047138 5
5.075130690016108 5
5.075165925230529 5
5.075200843651468 5
5.0752354482132 5
5.075269741823412 5
5.075303727363403 5
5.075337407688279 5
5.075370785627155 5
5.0754038639833485 5
5.075436645534582 5
5.0754691330331765 5
5.075501329206248 5
5.075533236755904 5
5.075564858359436 5
5.075596196669517 5
5.0756272543143925 5
5.075658033898075 5
5.075688538000536 5
5.075718769177896 5
5.075748729962616 5
5.075778422863689 5
5.075807850366825 5
5.075837014934646 5
5.075865919006868 5
5.075894565000487 5
5.07592295530997 5
5.075951092307435 5
5.075978978342841 5
5.07600661574416 5
5.076034006817576 5
5.0760611538476486 5
5.076088059097508 5
5.076114724809026 5
5.076141153202996 5
5.076167346479314 5
5.076193306817151 5
5.076219036375134 5
5.076244537291512 5
5.076269811684339 5
5.076294861651643 5
5.076319689271596 5
5.076344296602685 5
5.076368685683887 5
5.076392858534829 5
5.076416817155963 5
5.07644056352873 5
5.076464099615723 5
5.076487427360857 5
5.076510548689527 5
5.076533465508772 5
5.07655617970744 5
5.076578693156345 5
5.076601007708424 5
5.076623125198901 5
5.076645047445438 5
5.076666776248296 5
5.0766883133904885 5
5.076709660637933 5
5.076730819739607 5
5.076751792427698 5
5.076772580417756 5
5.076793185408838 5
5.076813609083666 5
5.076833853108764 5
5.076853919134612 5
5.076873808795788 5
5.076893523711112 5
5.076913065483792 5
5.076932435701561 5
5.076951635936824 5
5.076970667746795 5
5.076989532673635 5
5.077008232244593 5
5.077026767972137 5
5.0770451413540965 5
5.077063353873796 5
5.077081407000184 5
5.0770993021879685 5
5.07711704087775 5
5.077134624496153 5
5.077152054455946 5
5.077169332156185 5
5.077186458982329 5
5.077203436306369 5
5.077220265486958 5
5.077236947869531 5
5.0772534847864295 5
5.077269877557023 5
5.077286127487829 5
5.077302235872641 5
5.077318203992636 5
5.077334033116502 5
5.077349724500552 5
5.07736527938884 5
5.077380699013276 5
5.077395984593742 5
5.077411137338205 5
5.077426158442828 5
5.077441049092082 5
5.077455810458858 5
5.077470443704574 5
5.077484949979287 5
5.077499330421797 5
5.077513586159755 5
5.077527718309771 5
5.077541727977514 5
5.077555616257821 5
5.077569384234797 5
5.07758303298192 5
5.077596563562136 5
5.077609977027968 5
5.077623274421606 5
5.077636456775014 5
5.077649525110023 5
5.077662480438427 5
5.077675323762083 5
5.0776880560730016 5
5.077700678353444 5
5.077713191576013 5
5.077725596703749 5
5.077737894690217 5
5.077750086479601 5
5.077762173006793 5
5.077774155197479 5
5.077786033968232 5
5.077797810226599 5
5.077809484871183 5
5.077821058791732 5
5.077832532869225 5
5.077843907975955 5
5.077855184975613 5
5.077866364723369 5
5.077877448065956 5
5.077888435841748 5
5.077899328880847 5
5.077910128005152 5
5.077920834028451 5
5.077931447756487 5
5.077941969987042 5
5.077952401510013 5
5.077962743107484 5
5.077972995553808 5
5.077983159615675 5
5.077993236052189 5
5.07800322561494 5
5.078013129048077 5
5.078022947088379 5
5.078032680465326 5
5.078042329901171 5
5.078051896111005 5
5.078061379802831 5
5.078070781677629 5
5.078080102429426 5
5.078089342745359 5
5.078098503305746 5
5.078107584784149 5
5.078116587847439 5
5.078125513155858 5
5.078134361363091 5
5.078143133116317 5
5.078151829056282 5
5.078160449817355 5
5.07816899602759 5
5.078177468308789 5
5.078185867276559 5
5.078194193540374 5
5.078202447703629 5
5.0782106303637065 5
5.078218742112027 5
5.078226783534107 5
5.0782347552096185 5
5.078242657712445 5
5.0782504916107305 5
5.078258257466945 5
5.078265955837925 5
5.078273587274944 5
5.078281152323749 5
5.078288651524623 5
5.078296085412438 5
5.078303454516698 5
5.0783107593616 5
5.078318000466076 5
5.0783251783438494 5
5.0783322935034825 5
5.078339346448423 5
5.078346337677055 5
5.078353267682747 5
5.078360136953899 5
5.078366945973988 5
5.078373695221618 5
5.078380385170562 5
5.078387016289811 5
5.078393589043616 5
5.078400103891536 5
5.078406561288478 5
5.078412961684748 5
5.078419305526083 5
5.078425593253705 5
5.078431825304357 5
5.078438002110347 5
5.078444124099587 5
5.078450191695639 5
5.07845620531775 5
5.078462165380899 5
5.078468072295827 5
5.078473926469086 5
5.0784797283030745 5
5.078485478196072 5
5.078491176542283 5
5.078496823731872 5
5.078502420151002 5
5.078507966181871 5
5.078513462202744 5
5.078518908587998 5
5.078524305708152 5
5.078529653929903 5
5.07853495361616 5
5.078540205126083 5
5.0785454088151125 5
5.078550565035005 5
5.078555674133869 5
5.078560736456193 5
5.078565752342884 5
5.078570722131295 5
5.078575646155262 5
5.078580524745128 5
5.078585358227786 5
5.0785901469266985 5
5.078594891161936 5
5.078599591250204 5
5.078604247504874 5
5.078608860236011 5
5.078613429750408 5
5.078617956351612 5
5.078622440339947 5
5.078626882012555 5
5.078631281663415 5
5.078635639583372 5
5.078639956060167 5
5.078644231378462 5
5.078648465819868 5
5.078652659662971 5
5.07865681318336 5
5.07866092665365 5
5.078665000343511 5
5.078669034519689 5
5.078673029446038 5
5.078676985383536 5
5.078680902590319 5
5.078684781321698 5
5.078688621830186 5
5.078692424365521 5
5.078696189174692 5
5.078699916501956 5
5.078703606588871 5
5.078707259674306 5
5.078710875994474 5
5.078714455782951 5
5.078717999270693 5
5.078721506686065 5
5.0787249782548605 5
5.078728414200316 5
5.078731814743142 5
5.078735180101535 5
5.078738510491205 5
5.0787418061253895 5
5.078745067214879 5
5.07874829396803 5
5.078751486590791 5
5.07875464528672 5
5.078757770256998 5
5.078760861700456 5
5.078763919813588 5
5.078766944790573 5
5.078769936823287 5
5.078772896101327 5
5.078775822812028 5
5.078778717140477 5
5.07878157926953 5
5.078784409379836 5
5.078787207649843 5
5.078789974255825 5
5.07879270937189 5
5.078795413170002 5
5.078798085819993 5
5.078800727489581 5
5.078803338344384 5
5.078805918547938 5
5.078808468261708 5
5.078810987645105 5
5.078813476855503 5
5.078815936048249 5
5.078818365376681 5
5.078820764992139 5
5.078823135043984 5
5.078825475679604 5
5.078827787044435 5
5.078830069281972 5
5.078832322533778 5
5.078834546939503 5
5.078836742636895 5
5.07883890976181 5
5.078841048448229 5
5.078843158828264 5
5.0788452410321785 5
5.07884729518839 5
5.07884932142349 5
5.078851319862253 5
5.078853290627643 5
5.078855233840832 5
5.078857149621207 5
5.078859038086382 5
5.078860899352207 5
5.078862733532784 5
5.078864540740469 5
5.078866321085891 5
5.078868074677954 5
5.078869801623855 5
5.078871502029085 5
5.078873175997448 5
5.078874823631062 5
5.078876445030374 5
5.078878040294165 5
5.078879609519564 5
5.078881152802054 5
5.078882670235476 5
5.078884161912048 5
5.078885627922364 5
5.078887068355406 5
5.078888483298554 5
5.078889872837589 5
5.078891237056706 5
5.078892576038519 5
5.078893889864065 5
5.078895178612821 5
5.078896442362699 5
5.078897681190065 5
5.078898895169737 5
5.078900084374996 5
5.07890124887759 5
5.078902388747744 5
5.078903504054164 5
5.078904594864044 5
5.078905661243071 5
5.078906703255432 5
5.0789077209638185 5
5.078908714429436 5
5.078909683712004 5
5.078910628869765 5
5.078911549959488 5
5.078912447036476 5
5.078913320154569 5
5.078914169366148 5
5.078914994722142 5
5.078915796272033 5
5.078916574063856 5
5.07891732814421 5
5.078918058558255 5
5.078918765349722 5
5.078919448560914 5
5.078920108232711 5
5.078920744404571 5
5.078921357114539 5
5.0789219463992445 5
5.078922512293908 5
5.078923054832344 5
5.0789235740469625 5
5.078924069968775 5
5.0789245426273935 5
5.078924992051036 5
5.078925418266526 5
5.0789258212993005 5
5.078926201173406 5
5.078926557911504 5
5.078926891534872 5
5.078927202063405 5
5.078927489515622 5
5.07892775390866 5
5.07892799525828 5
5.078928213578868 5
5.078928408883436 5
5.078928581183624 5
5.078928730489699 5
5.078928856810557 5
5.078928960153726 5
5.078929040525361 5
5.078929097930253 5
5.07892913237182 5
5.078929143852115 5
5.07892913237182 5
5.078929097930253 5
5.078929040525361 5
5.078928960153726 5
5.078928856810557 5
5.078928730489699 5
5.078928581183624 5
5.078928408883436 5
5.078928213578868 5
5.07892799525828 5
5.07892775390866 5
5.078927489515622 5
5.078927202063405 5
5.078926891534872 5
5.078926557911504 5
5.078926201173406 5
5.0789258212993005 5
5.078925418266526 5
5.078924992051036 5
5.0789245426273935 5
5.078924069968775 5
5.0789235740469625 5
5.078923054832344 5
5.078922512293908 5
5.0789219463992445 5
5.078921357114539 5
5.078920744404571 5
5.078920108232711 5
5.078919448560914 5
5.078918765349722 5
5.078918058558255 5
5.07891732814421 5
5.078916574063856 5
5.078915796272033 5
5.078914994722142 5
5.078914169366148 5
5.078913320154569 5
5.078912447036476 5
5.078911549959488 5
5.078910628869765 5
5.078909683712004 5
5.078908714429436 5
5.0789077209638185 5
5.078906703255432 5
5.078905661243071 5
5.078904594864044 5
5.078903504054164 5
5.078902388747744 5
5.07890124887759 5
5.078900084374996 5
5.078898895169737 5
5.078897681190065 5
5.078896442362699 5
5.078895178612821 5
5.078893889864065 5
5.078892576038519 5
5.078891237056706 5
5.078889872837589 5
5.078888483298554 5
5.078887068355406 5
5.078885627922364 5
5.078884161912048 5
5.078882670235476 5
5.078881152802054 5
5.078879609519564 5
5.078878040294165 5
5.078876445030374 5
5.078874823631062 5
5.078873175997448 5
5.078871502029085 5
5.078869801623855 5
5.078868074677954 5
5.078866321085891 5
5.078864540740469 5
5.078862733532784 5
5.078860899352207 5
5.078859038086382 5
5.078857149621207 5
5.078855233840832 5
5.078853290627643 5
5.078851319862253 5
5.07884932142349 5
5.07884729518839 5
5.0788452410321785 5
5.078843158828264 5
5.078841048448229 5
5.07883890976181 5
5.078836742636895 5
5.078834546939503 5
5.078832322533778 5
5.078830069281972 5
5.078827787044435 5
5.078825475679604 5
5.078823135043984 5
5.078820764992139 5
5.078818365376681 5
5.078815936048249 5
5.078813476855503 5
5.078810987645105 5
5.078808468261708 5
5.078805918547938 5
5.078803338344384 5
5.078800727489581 5
5.078798085819993 5
5.078795413170002 5
5.07879270937189 5
5.078789974255825 5
5.078787207649843 5
5.078784409379836 5
5.07878157926953 5
5.078778717140477 5
5.078775822812028 5
5.078772896101327 5
5.078769936823287 5
5.078766944790573 5
5.078763919813588 5
5.078760861700456 5
5.078757770256998 5
5.07875464528672 5
5.078751486590791 5
5.07874829396803 5
5.078745067214879 5
5.0787418061253895 5
5.078738510491205 5
5.078735180101535 5
5.078731814743142 5
5.078728414200316 5
5.0787249782548605 5
5.078721506686065 5
5.078717999270693 5
5.078714455782951 5
5.078710875994474 5
5.078707259674306 5
5.078703606588871 5
5.078699916501956 5
5.078696189174692 5
5.078692424365521 5
5.078688621830186 5
5.078684781321698 5
5.078680902590319 5
5.078676985383536 5
5.078673029446038 5
5.078669034519689 5
5.078665000343511 5
5.07866092665365 5
5.07865681318336 5
5.078652659662971 5
5.078648465819868 5
5.078644231378462 5
5.078639956060167 5
5.078635639583372 5
5.078631281663415 5
5.078626882012555 5
5.078622440339947 5
5.078617956351612 5
5.078613429750408 5
5.078608860236011 5
5.078604247504874 5
5.078599591250204 5
5.078594891161936 5
5.0785901469266985 5
5.078585358227786 5
5.078580524745128 5
5.078575646155262 5
5.078570722131295 5
5.078565752342884 5
5.078560736456193 5
5.078555674133869 5
5.078550565035005 5
5.0785454088151125 5
5.078540205126083 5
5.07853495361616 5
5.078529653929903 5
5.078524305708152 5
5.078518908587998 5
5.078513462202744 5
5.078507966181871 5
5.078502420151002 5
5.078496823731872 5
5.078491176542283 5
5.078485478196072 5
5.0784797283030745 5
5.078473926469086 5
5.078468072295827 5
5.078462165380899 5
5.07845620531775 5
5.078450191695639 5
5.078444124099587 5
5.078438002110347 5
5.078431825304357 5
5.078425593253705 5
5.078419305526083 5
5.078412961684748 5
5.078406561288478 5
5.078400103891536 5
5.078393589043616 5
5.078387016289811 5
5.078380385170562 5
5.078373695221618 5
5.078366945973988 5
5.078360136953899 5
5.078353267682747 5
5.078346337677055 5
5.078339346448423 5
5.0783322935034825 5
5.0783251783438494 5
5.078318000466076 5
5.0783107593616 5
5.078303454516698 5
5.078296085412438 5
5.078288651524623 5
5.078281152323749 5
5.078273587274944 5
5.078265955837925 5
5.078258257466945 5
5.0782504916107305 5
5.078242657712445 5
5.0782347552096185 5
5.078226783534107 5
5.078218742112027 5
5.0782106303637065 5
5.078202447703629 5
5.078194193540374 5
5.078185867276559 5
5.078177468308789 5
5.07816899602759 5
5.078160449817355 5
5.078151829056282 5
5.078143133116317 5
5.078134361363091 5
5.078125513155858 5
5.078116587847439 5
5.078107584784149 5
5.078098503305746 5
5.078089342745359 5
5.078080102429426 5
5.078070781677629 5
5.078061379802831 5
5.078051896111005 5
5.078042329901171 5
5.078032680465326 5
5.078022947088379 5
5.078013129048077 5
5.07800322561494 5
5.077993236052189 5
5.077983159615675 5
5.077972995553808 5
5.077962743107484 5
5.077952401510013 5
5.077941969987042 5
5.077931447756487 5
5.077920834028451 5
5.077910128005152 5
5.077899328880847 5
5.077888435841748 5
5.077877448065956 5
5.077866364723369 5
5.077855184975613 5
5.077843907975955 5
5.077832532869225 5
5.077821058791732 5
5.077809484871183 5
5.077797810226599 5
5.077786033968232 5
5.077774155197479 5
5.077762173006793 5
5.077750086479601 5
5.077737894690217 5
5.077725596703749 5
5.077713191576013 5
5.077700678353444 5
5.0776880560730016 5
5.077675323762083 5
5.077662480438427 5
5.077649525110023 5
5.077636456775014 5
5.077623274421606 5
5.077609977027968 5
5.077596563562136 5
5.07758303298192 5
5.077569384234797 5
5.077555616257821 5
5.077541727977514 5
5.077527718309771 5
5.077513586159755 5
5.077499330421797 5
5.077484949979287 5
5.077470443704574 5
5.077455810458858 5
5.077441049092082 5
5.077426158442828 5
5.077411137338205 5
5.077395984593742 5
5.077380699013276 5
5.07736527938884 5
5.077349724500552 5
5.077334033116502 5
5.077318203992636 5
5.077302235872641 5
5.077286127487829 5
5.077269877557023 5
5.0772534847864295 5
5.077236947869531 5
5.077220265486958 5
5.077203436306369 5
5.077186458982329 5
5.077169332156185 5
5.077152054455946 5
5.077134624496153 5
5.07711704087775 5
5.0770993021879685 5
5.077081407000184 5
5.077063353873796 5
5.0770451413540965 5
5.077026767972137 5
5.077008232244593 5
5.076989532673635 5
5.076970667746795 5
5.076951635936824 5
5.076932435701561 5
5.076913065483792 5
5.076893523711112 5
5.076873808795788 5
5.076853919134612 5
5.076833853108764 5
5.076813609083666 5
5.076793185408838 5
5.076772580417756 5
5.076751792427698 5
5.076730819739607 5
5.076709660637933 5
5.0766883133904885 5
5.076666776248296 5
5.076645047445438 5
5.076623125198901 5
5.076601007708424 5
5.076578693156345 5
5.07655617970744 5
5.076533465508772 5
5.076510548689527 5
5.076487427360857 5
5.076464099615723 5
5.07644056352873 5
5.076416817155963 5
5.076392858534829 5
5.076368685683887 5
5.076344296602685 5
5.076319689271596 5
5.076294861651643 5
5.076269811684339 5
5.076244537291512 5
5.076219036375134 5
5.076193306817151 5
5.076167346479314 5
5.076141153202996 5
5.076114724809026 5
5.076088059097508 5
5.0760611538476486 5
5.076034006817576 5
5.07600661574416 5
5.075978978342841 5
5.075951092307435 5
5.07592295530997 5
5.075894565000487 5
5.075865919006868 5
5.075837014934646 5
5.075807850366825 5
5.075778422863689 5
5.075748729962616 5
5.075718769177896 5
5.075688538000536 5
5.075658033898075 5
5.0756272543143925 5
5.075596196669517 5
5.075564858359436 5
5.075533236755904 5
5.075501329206248 5
5.0754691330331765 5
5.075436645534582 5
5.0754038639833485 5
5.075370785627155 5
5.075337407688279 5
5.075303727363403 5
5.075269741823412 5
5.0752354482132 5
5.075200843651468 5
5.075165925230529 5
5.075130690016108 5
5.075095135047138 5
5.075059257335567 5
5.075023053866151 5
5.07498652159626 5
5.07494965745567 5
5.074912458346366 5
5.074874921142338 5
5.074837042689385 5
5.074798819804904 5
5.074760249277698 5
5.074721327867764 5
5.0746820523061 5
5.074642419294496 5
5.074602425505336 5
5.074562067581395 5
5.074521342135638 5
5.074480245751016 5
5.074438774980266 5
5.074396926345713 5
5.074354696339062 5
5.074312081421206 5
5.074269078022017 5
5.074225682540159 5
5.074181891342874 5
5.074137700765794 5
5.074093107112744 5
5.074048106655535 5
5.074002695633781 5
5.073956870254692 5
5.073910626692888 5
5.0738639610902 5
5.07381686955548 5
5.07376934816441 5
5.073721392959311 5
5.073672999948955 5
5.073624165108375 5
5.073574884378679 5
5.073525153666873 5
5.073474968845664 5
5.073424325753291 5
5.0733732201933375 5
5.073321647934556 5
5.073269604710694 5
5.073217086220314 5
5.073164088126628 5
5.073110606057323 5
5.073056635604397 5
5.073002172323986 5
5.072947211736212 5
5.072891749325013 5
5.072835780537991 5
5.072779300786254 5
5.072722305444266 5
5.072664789849695 5
5.072606749303267 5
5.072548179068628 5
5.072489074372197 5
5.072429430403036 5
5.072369242312711 5
5.07230850521517 5
5.07224721418661 5
5.072185364265362 5
5.07212295045177 5
5.0720599677080775 5
5.071996410958322 5
5.0719322750882245 5
5.0718675549450944 5
5.071802245337734 5
5.071736341036344 5
5.071669836772441 5
5.071602727238777 5
5.071535007089265 5
5.071466670938906 5
5.071397713363727 5
5.071328128900726 5
5.07125791204781 5
5.071187057263761 5
5.071115558968185 5
5.071043411541486 5
5.070970609324833 5
5.070897146620144 5
5.070823017690069 5
5.070748216757987 5
5.0706727380080014 5
5.070596575584956 5
5.070519723594444 5
5.070442176102834 5
5.070363927137304 5
5.070284970685879 5
5.070205300697477 5
5.070124911081973 5
5.070043795710258 5
5.069961948414315 5
5.069879362987309 5
5.069796033183671 5
5.069711952719208 5
5.069627115271215 5
5.069541514478592 5
5.0694551439419895 5
5.069367997223938 5
5.069280067849011 5
5.069191349303992 5
5.069101835038045 5
5.069011518462905 5
5.06892039295308 5
5.068828451846061 5
5.068735688442543 5
5.068642096006667 5
5.068547667766263 5
5.0684523969131146 5
5.068356276603234 5
5.068259299957147 5
5.068161460060199 5
5.068062749962865 5
5.067963162681084 5
5.067862691196601 5
5.067761328457324 5
5.0676590673777016 5
5.067555900839105 5
5.067451821690239 5
5.067346822747554 5
5.067240896795691 5
5.067134036587924 5
5.067026234846632 5
5.066917484263785 5
5.066807777501444 5
5.06669710719228 5
5.066585465940111 5
5.066472846320458 5
5.066359240881114 5
5.066244642142737 5
5.066129042599459 5
5.066012434719515 5
5.065894810945888 5
5.0657761636969765 5
5.065656485367286 5
5.065535768328125 5
5.0654140049283445 5
5.065291187495072 5
5.065167308334489 5
5.065042359732618 5
5.064916333956127 5
5.064789223253168 5
5.064661019854229 5
5.064531715973006 5
5.064401303807304 5
5.064269775539957 5
5.064137123339771 5
5.06400333936249 5
5.063868415751785 5
5.063732344640268 5
5.0635951181505305 5
5.0634567283962 5
5.063317167483028 5
5.063176427509999 5
5.063034500570468 5
5.06289137875331 5
5.0627470541441175 5
5.062601518826399 5
5.062454764882818 5
5.062306784396456 5
5.062157569452095 5
5.0620071121375325 5
5.061855404544918 5
5.061702438772121 5
5.061548206924122 5
5.061392701114429 5
5.061235913466523 5
5.061077836115332 5
5.060918461208727 5
5.060757780909055 5
5.06059578739468 5
5.06043247286158 5
5.06026782952494 5
5.0601018496208 5
5.05993452540771 5
5.059765849168427 5
5.059595813211628 5
5.059424409873663 5
5.059251631520323 5
5.059077470548645 5
5.058901919388742 5
5.058724970505656 5
5.058546616401249 5
5.058366849616108 5
5.05818566273149 5
5.058003048371288 5
5.057818999204021 5
5.057633507944862 5
5.057446567357683 5
5.057258170257128 5
5.057068309510717 5
5.056876978040977 5
5.0566841688275925 5
5.056489874909588 5
5.056294089387535 5
5.05609680542578 5
5.055898016254709 5
5.055697715173021 5
5.055495895550043 5
5.055292550828055 5
5.055087674524647 5
5.054881260235099 5
5.0546733016347805 5
5.054463792481574 5
5.054252726618323 5
5.054040097975298 5
5.053825900572691 5
5.053610128523118 5
5.053392776034156 5
5.053173837410886 5
5.052953307058468 5
5.0527311794847245 5
5.052507449302746 5
5.052282111233513 5
5.052055160108532 5
5.051826590872493 5
5.051596398585935 5
5.05136457842793 5
5.051131125698777 5
5.050896035822715 5
5.050659304350638 5
5.050420926962825 5
5.050180899471687 5
5.049939217824511 5
5.049695878106218 5
5.049450876542128 5
5.049204209500734 5
5.048955873496467 5
5.048705865192485 5
5.048454181403452 5
5.048200819098318 5
5.0479457754031065 5
5.047689047603695 5
5.0474306331486 5
5.0471705296517495 5
5.046908734895263 5
5.046645246832216 5
5.0463800635894 5
5.046113183470081 5
5.045844604956739 5
5.0455743267138 5
5.04530234759036 5
5.0450286666228905 5
5.044753283037927 5
5.044476196254747 5
5.044197405888029 5
5.043916911750482 5
5.043634713855471 5
5.043350812419606 5
5.043065207865313 5
5.042777900823375 5
5.042488892135453 5
5.0421981828565725 5
5.041905774257577 5
5.041611667827559 5
5.041315865276248 5
5.041018368536366 5
5.040719179765949 5
5.040418301350625 5
5.040115735905856 5
5.039811486279135 5
5.039505555552136 5
5.03919794704283 5
5.03888866430754 5
5.038577711142957 5
5.038265091588101 5
5.037950809926229 5
5.037634870686691 5
5.037317278646736 5
5.03699803883324 5
5.036677156524407 5
5.036354637251377 5
5.036030486799795 5
5.035704711211305 5
5.035377316784975 5
5.035048310078668 5
5.034717697910331 5
5.034385487359216 5
5.034051685767039 5
5.033716300739046 5
5.033379340145023 5
5.033040812120217 5
5.032700725066183 5
5.032359087651551 5
5.032015908812707 5
5.031671197754402 5
5.031324963950267 5
5.030977217143239 5
5.030627967345914 5
5.030277224840808 5
5.029925000180511 5
5.029571304187777 5
5.029216147955504 5
5.028859542846627 5
5.028501500493917 5
5.028142032799683 5
5.027781151935382 5
5.027418870341127 5
5.0270552007251 5
5.026690156062864 5
5.026323749596581 5
5.0259559948341215 5
5.025586905548081 5
5.025216495774686 5
5.02484477981261 5
5.024471772221673 5
5.024097487821451 5
5.023721941689771 5
5.023345149161107 5
5.02296712582488 5
5.022587887523633 5
5.022207450351125 5
5.021825830650306 5
5.021443045011188 5
5.021059110268626 5
5.020674043499973 5
5.0202878620226485 5
5.019900583391595 5
5.019512225396637 5
5.0191228060597295 5
5.01873234363211 5
5.018340856591353 5
5.017948363638308 5
5.017554883693953 5
5.017160435896147 5
5.016765039596272 5
5.016368714355789 5
5.015971479942693 5
5.015573356327876 5
5.015174363681389 5
5.014774522368618 5
5.014373852946365 5
5.013972376158838 5
5.013570112933556 5
5.0131670843771605 5
5.01276331177115 5
5.01235881656752 5
5.011953620384334 5
5.011547745001199 5
5.011141212354673 5
5.010734044533596 5
5.010326263774341 5
5.009917892455995 5
5.0095089530954695 5
5.009099468342545 5
5.008689460974848 5
5.00827895389276 5
5.007867970114275 5
5.00745653276979 5
5.007044665096843 5
5.006632390434792 5
5.006219732219453 5
5.005806713977679 5
5.005393359321896 5
5.004979691944601 5
5.004565735612811 5
5.00415151416248 5
5.003737051492878 5
5.0033223715609365 5
5.002907498375572 5
5.002492455991974 5
5.0020772685058725 5
5.001661960047786 5
5.001246554777249 5
5.000831076877033 5
5.00041555054734 5
5.0 5
4.9995844494526605 5
4.999168923122967 5
4.998753445222751 5
4.998338039952214 5
4.997922731494128 5
4.997507544008026 5
4.997092501624428 5
4.996677628439064 5
4.996262948507122 5
4.99584848583752 5
4.995434264387189 5
4.995020308055399 5
4.994606640678104 5
4.9941932860223215 5
4.993780267780547 5
4.993367609565208 5
4.992955334903157 5
4.99254346723021 5
4.992132029885725 5
4.99172104610724 5
4.991310539025152 5
4.990900531657455 5
4.9904910469045305 5
4.990082107544005 5
4.989673736225659 5
4.989265955466404 5
4.988858787645327 5
4.988452254998801 5
4.988046379615666 5
4.98764118343248 5
4.98723668822885 5
4.98683291562284 5
4.9864298870664445 5
4.986027623841162 5
4.985626147053635 5
4.985225477631382 5
4.984825636318611 5
4.9844266436721245 5
4.984028520057307 5
4.983631285644211 5
4.9832349604037285 5
4.982839564103853 5
4.982445116306047 5
4.9820516363616925 5
4.981659143408647 5
4.98126765636789 5
4.980877193940271 5
4.980487774603363 5
4.980099416608405 5
4.979712137977352 5
4.979325956500027 5
4.978940889731374 5
4.978556954988812 5
4.978174169349694 5
4.977792549648875 5
4.977412112476367 5
4.97703287417512 5
4.976654850838893 5
4.976278058310229 5
4.975902512178549 5
4.975528227778327 5
4.97515522018739 5
4.974783504225314 5
4.974413094451919 5
4.974044005165879 5
4.973676250403419 5
4.973309843937137 5
4.9729447992749005 5
4.972581129658873 5
4.972218848064618 5
4.971857967200317 5
4.971498499506084 5
4.971140457153373 5
4.970783852044496 5
4.970428695812223 5
4.970074999819489 5
4.969722775159192 5
4.969372032654086 5
4.969022782856762 5
4.968675036049733 5
4.968328802245597 5
4.967984091187293 5
4.9676409123484495 5
4.967299274933817 5
4.966959187879783 5
4.966620659854977 5
4.966283699260954 5
4.965948314232961 5
4.965614512640784 5
4.965282302089669 5
4.964951689921332 5
4.964622683215025 5
4.964295288788695 5
4.963969513200205 5
4.963645362748623 5
4.963322843475593 5
4.96300196116676 5
4.962682721353264 5
4.962365129313308 5
4.962049190073771 5
4.961734908411899 5
4.961422288857043 5
4.96111133569246 5
4.96080205295717 5
4.960494444447864 5
4.9601885137208654 5
4.959884264094144 5
4.959581698649375 5
4.959280820234051 5
4.958981631463634 5
4.958684134723752 5
4.958388332172441 5
4.958094225742423 5
4.957801817143428 5
4.957511107864547 5
4.957222099176625 5
4.956934792134687 5
4.956649187580394 5
4.956365286144529 5
4.956083088249518 5
4.955802594111971 5
4.955523803745253 5
4.955246716962073 5
4.9549713333771095 5
4.95469765240964 5
4.9544256732862 5
4.954155395043261 5
4.953886816529919 5
4.9536199364106 5
4.953354753167784 5
4.953091265104737 5
4.9528294703482505 5
4.9525693668514 5
4.952310952396305 5
4.9520542245968935 5
4.951799180901682 5
4.951545818596548 5
4.951294134807515 5
4.951044126503533 5
4.950795790499267 5
4.950549123457872 5
4.950304121893782 5
4.950060782175489 5
4.949819100528313 5
4.949579073037175 5
4.949340695649362 5
4.949103964177285 5
4.948868874301223 5
4.94863542157207 5
4.948403601414065 5
4.948173409127507 5
4.947944839891468 5
4.947717888766487 5
4.947492550697254 5
4.947268820515276 5
4.947046692941532 5
4.946826162589114 5
4.946607223965844 5
4.946389871476882 5
4.946174099427309 5
4.945959902024702 5
4.945747273381678 5
4.945536207518426 5
4.94532669836522 5
4.945118739764901 5
4.944912325475353 5
4.944707449171945 5
4.944504104449957 5
4.944302284826979 5
4.944101983745291 5
4.94390319457422 5
4.943705910612465 5
4.943510125090412 5
4.943315831172408 5
4.943123021959023 5
4.942931690489283 5
4.9427418297428725 5
4.942553432642317 5
4.942366492055138 5
4.942181000795979 5
4.941996951628712 5
4.94181433726851 5
4.941633150383892 5
4.941453383598751 5
4.941275029494344 5
4.941098080611258 5
4.940922529451355 5
4.940748368479677 5
4.940575590126337 5
4.940404186788372 5
4.940234150831573 5
4.94006547459229 5
4.9398981503792 5
4.93973217047506 5
4.93956752713842 5
4.93940421260532 5
4.9392422190909455 5
4.939081538791273 5
4.938922163884668 5
4.938764086533477 5
4.938607298885571 5
4.938451793075878 5
4.938297561227879 5
4.938144595455082 5
4.937992887862468 5
4.937842430547905 5
4.937693215603544 5
4.937545235117182 5
4.937398481173601 5
4.9372529458558825 5
4.93710862124669 5
4.936965499429532 5
4.936823572490001 5
4.936682832516972 5
4.9365432716038 5
4.9364048818494695 5
4.936267655359732 5
4.936131584248215 5
4.93599666063751 5
4.935862876660229 5
4.935730224460043 5
4.935598696192696 5
4.935468284026994 5
4.935338980145771 5
4.935210776746832 5
4.935083666043873 5
4.934957640267382 5
4.934832691665511 5
4.934708812504928 5
4.934585995071656 5
4.934464231671875 5
4.934343514632714 5
4.934223836303024 5
4.9341051890541126 5
4.933987565280485 5
4.933870957400541 5
4.933755357857263 5
4.9336407591188856 5
4.933527153679542 5
4.933414534059889 5
4.93330289280772 5
4.933192222498556 5
4.933082515736215 5
4.932973765153368 5
4.932865963412076 5
4.932759103204309 5
4.932653177252446 5
4.932548178309761 5
4.932444099160895 5
4.932340932622298 5
4.932238671542676 5
4.932137308803399 5
4.932036837318916 5
4.931937250037135 5
4.931838539939801 5
4.931740700042853 5
4.931643723396766 5
4.931547603086885 5
4.931452332233737 5
4.931357903993333 5
4.931264311557457 5
4.931171548153939 5
4.93107960704692 5
4.930988481537095 5
4.930898164961955 5
4.930808650696008 5
4.930719932150989 5
4.930632002776062 5
4.9305448560580105 5
4.930458485521408 5
4.9303728847287855 5
4.930288047280792 5
4.930203966816329 5
4.930120637012691 5
4.930038051585685 5
4.929956204289742 5
4.929875088918027 5
4.929794699302523 5
4.929715029314121 5
4.929636072862696 5
4.929557823897166 5
4.929480276405556 5
4.929403424415044 5
4.929327261991999 5
4.929251783242013 5
4.929176982309931 5
4.929102853379856 5
4.929029390675167 5
4.928956588458514 5
4.928884441031815 5
4.928812942736239 5
4.92874208795219 5
4.928671871099274 5
4.928602286636273 5
4.928533329061094 5
4.928464992910735 5
4.928397272761223 5
4.928330163227559 5
4.928263658963656 5
4.928197754662266 5
4.9281324450549056 5
4.928067724911776 5
4.928003589041678 5
4.9279400322919225 5
4.92787704954823 5
4.927814635734638 5
4.92775278581339 5
4.92769149478483 5
4.927630757687289 5
4.9275705695969645 5
4.927510925627803 5
4.927451820931372 5
4.927393250696733 5
4.927335210150305 5
4.927277694555734 5
4.927220699213746 5
4.927164219462009 5
4.927108250674987 5
4.927052788263788 5
4.926997827676014 5
4.926943364395603 5
4.926889393942677 5
4.926835911873372 5
4.926782913779686 5
4.926730395289306 5
4.926678352065444 5
4.926626779806663 5
4.926575674246709 5
4.926525031154336 5
4.926474846333127 5
4.926425115621321 5
4.926375834891625 5
4.926327000051045 5
4.926278607040689 5
4.92623065183559 5
4.92618313044452 5
4.9261360389098 5
4.926089373307112 5
4.926043129745308 5
4.925997304366219 5
4.925951893344465 5
4.925906892887256 5
4.925862299234206 5
4.925818108657126 5
4.925774317459841 5
4.925730921977983 5
4.925687918578794 5
4.925645303660938 5
4.925603073654287 5
4.925561225019734 5
4.925519754248984 5
4.925478657864362 5
4.925437932418605 5
4.9253975744946645 5
4.925357580705504 5
4.9253179476939 5
4.925278672132236 5
4.925239750722302 5
4.925201180195096 5
4.925162957310615 5
4.925125078857662 5
4.925087541653634 5
4.92505034254433 5
4.92501347840374 5
4.924976946133849 5
4.924940742664433 5
4.924904864952862 5
4.924869309983892 5
4.924834074769471 5
4.9247991563485325 5
4.9247645517868 5
4.924730258176588 5
4.924696272636597 5
4.924662592311721 5
4.924629214372845 5
4.924596136016652 5
4.924563354465418 5
4.924530866966824 5
4.924498670793752 5
4.924466763244096 5
4.924435141640564 5
4.924403803330483 5
4.924372745685608 5
4.924341966101925 5
4.924311461999464 5
4.924281230822104 5
4.924251270037384 5
4.924221577136311 5
4.924192149633175 5
4.924162985065354 5
4.924134080993132 5
4.924105434999513 5
4.92407704469003 5
4.924048907692565 5
4.92402102165716 5
4.92399338425584 5
4.923965993182424 5
4.923938846152352 5
4.923911940902492 5
4.923885275190974 5
4.923858846797004 5
4.923832653520686 5
4.923806693182849 5
4.923780963624866 5
4.923755462708488 5
4.923730188315661 5
4.923705138348357 5
4.923680310728404 5
4.923655703397315 5
4.923631314316113 5
4.923607141465171 5
4.923583182844037 5
4.92355943647127 5
4.923535900384277 5
4.923512572639143 5
4.923489451310473 5
4.9234665344912285 5
4.92344382029256 5
4.923421306843655 5
4.923398992291576 5
4.923376874801099 5
4.923354952554562 5
4.923333223751704 5
4.923311686609512 5
4.923290339362067 5
4.923269180260393 5
4.923248207572302 5
4.923227419582244 5
4.923206814591162 5
4.923186390916334 5
4.923166146891236 5
4.923146080865388 5
4.923126191204212 5
4.923106476288888 5
4.923086934516208 5
4.923067564298439 5
4.923048364063176 5
4.923029332253205 5
4.923010467326365 5
4.922991767755407 5
4.922973232027863 5
4.922954858645904 5
4.922936646126204 5
4.9229185929998165 5
4.922900697812032 5
4.92288295912225 5
4.922865375503847 5
4.922847945544054 5
4.922830667843815 5
4.922813541017671 5
4.922796563693631 5
4.922779734513042 5
4.922763052130469 5
4.9227465152135705 5
4.922730122442977 5
4.922713872512171 5
4.922697764127359 5
4.922681796007364 5
4.922665966883498 5
4.922650275499448 5
4.9226347206111605 5
4.9226193009867245 5
4.922604015406258 5
4.922588862661795 5
4.922573841557172 5
4.922558950907918 5
4.922544189541142 5
4.922529556295426 5
4.922515050020713 5
4.922500669578203 5
4.922486413840245 5
4.922472281690229 5
4.922458272022486 5
4.922444383742179 5
4.922430615765203 5
4.92241696701808 5
4.922403436437864 5
4.922390022972032 5
4.922376725578394 5
4.922363543224986 5
4.922350474889977 5
4.922337519561573 5
4.922324676237917 5
4.9223119439269984 5
4.922299321646556 5
4.922286808423987 5
4.922274403296251 5
4.922262105309783 5
4.922249913520399 5
4.922237826993207 5
4.922225844802521 5
4.922213966031768 5
4.922202189773401 5
4.9221905151288174 5
4.922178941208268 5
4.922167467130775 5
4.922156092024045 5
4.922144815024387 5
4.922133635276631 5
4.922122551934044 5
4.922111564158252 5
4.9221006711191535 5
4.922089871994848 5
4.922079165971549 5
4.922068552243513 5
4.922058030012958 5
4.922047598489987 5
4.922037256892516 5
4.922027004446192 5
4.922016840384325 5
4.922006763947811 5
4.92199677438506 5
4.921986870951923 5
4.921977052911621 5
4.921967319534674 5
4.921957670098829 5
4.921948103888995 5
4.921938620197169 5
4.921929218322371 5
4.921919897570574 5
4.921910657254641 5
4.921901496694254 5
4.921892415215851 5
4.921883412152561 5
4.921874486844142 5
4.921865638636909 5
4.921856866883683 5
4.921848170943718 5
4.921839550182645 5
4.92183100397241 5
4.921822531691211 5
4.921814132723441 5
4.921805806459626 5
4.921797552296371 5
4.9217893696362935 5
4.921781257887973 5
4.921773216465893 5
4.9217652447903815 5
4.921757342287555 5
4.9217495083892695 5
4.921741742533055 5
4.921734044162075 5
4.921726412725056 5
4.921718847676251 5
4.921711348475377 5
4.921703914587562 5
4.921696545483302 5
4.9216892406384005 5
4.9216819995339245 5
4.921674821656151 5
4.9216677064965175 5
4.9216606535515774 5
4.921653662322945 5
4.921646732317253 5
4.921639863046101 5
4.921633054026012 5
4.921626304778382 5
4.921619614829438 5
4.921612983710189 5
4.921606410956384 5
4.921599896108464 5
4.921593438711522 5
4.921587038315252 5
4.921580694473917 5
4.921574406746295 5
4.921568174695643 5
4.921561997889653 5
4.921555875900413 5
4.921549808304361 5
4.92154379468225 5
4.921537834619101 5
4.921531927704173 5
4.921526073530914 5
4.9215202716969255 5
4.921514521803928 5
4.921508823457717 5
4.921503176268128 5
4.921497579848998 5
4.921492033818129 5
4.921486537797256 5
4.921481091412002 5
4.921475694291848 5
4.921470346070097 5
4.92146504638384 5
4.921459794873917 5
4.921454591184888 5
4.921449434964995 5
4.921444325866131 5
4.921439263543807 5
4.921434247657116 5
4.921429277868705 5
4.921424353844738 5
4.921419475254872 5
4.921414641772214 5
4.9214098530733015 5
4.921405108838064 5
4.921400408749796 5
4.921395752495126 5
4.921391139763989 5
4.921386570249592 5
4.921382043648388 5
4.921377559660053 5
4.921373117987445 5
4.921368718336585 5
4.921364360416628 5
4.921360043939833 5
4.921355768621538 5
4.921351534180132 5
4.921347340337029 5
4.92134318681664 5
4.92133907334635 5
4.921334999656489 5
4.921330965480311 5
4.921326970553962 5
4.921323014616464 5
4.921319097409681 5
4.921315218678302 5
4.921311378169814 5
4.921307575634479 5
4.921303810825308 5
4.921300083498044 5
4.921296393411129 5
4.921292740325694 5
4.921289124005526 5
4.921285544217049 5
4.921282000729307 5
4.921278493313935 5
4.92127502174514 5
4.921271585799684 5
4.921268185256858 5
4.921264819898465 5
4.921261489508795 5
4.9212581938746105 5
4.921254932785121 5
4.92125170603197 5
4.921248513409209 5
4.92124535471328 5
4.921242229743002 5
4.921239138299544 5
4.921236080186412 5
4.921233055209427 5
4.921230063176713 5
4.921227103898673 5
4.921224177187972 5
4.921221282859523 5
4.92121842073047 5
4.9212155906201644 5
4.921212792350157 5
4.921210025744175 5
4.92120729062811 5
4.921204586829998 5
4.921201914180007 5
4.921199272510419 5
4.921196661655616 5
4.921194081452062 5
4.921191531738292 5
4.921189012354895 5
4.921186523144497 5
4.921184063951751 5
4.921181634623319 5
4.921179235007861 5
4.921176864956016 5
4.921174524320396 5
4.921172212955565 5
4.921169930718028 5
4.921167677466222 5
4.921165453060497 5
4.921163257363105 5
4.92116109023819 5
4.921158951551771 5
4.921156841171736 5
4.9211547589678215 5
4.92115270481161 5
4.92115067857651 5
4.921148680137747 5
4.921146709372357 5
4.921144766159168 5
4.921142850378794 5
4.921140961913618 5
4.921139100647793 5
4.921137266467216 5
4.921135459259531 5
4.921133678914109 5
4.921131925322046 5
4.9211301983761455 5
4.921128497970915 5
4.9211268240025525 5
4.921125176368938 5
4.921123554969626 5
4.921121959705835 5
4.921120390480436 5
4.921118847197946 5
4.921117329764524 5
4.921115838087952 5
4.9211143720776365 5
4.921112931644594 5
4.921111516701446 5
4.921110127162411 5
4.921108762943294 5
4.921107423961481 5
4.921106110135935 5
4.921104821387179 5
4.921103557637301 5
4.921102318809935 5
4.921101104830263 5
4.921099915625005 5
4.92109875112241 5
4.921097611252256 5
4.921096495945836 5
4.921095405135956 5
4.921094338756929 5
4.921093296744568 5
4.9210922790361815 5
4.921091285570564 5
4.921090316287996 5
4.921089371130235 5
4.9210884500405125 5
4.921087552963524 5
4.921086679845431 5
4.921085830633852 5
4.921085005277858 5
4.921084203727967 5
4.921083425936144 5
4.92108267185579 5
4.921081941441745 5
4.921081234650278 5
4.921080551439086 5
4.921079891767289 5
4.921079255595429 5
4.921078642885461 5
4.921078053600756 5
4.921077487706092 5
4.921076945167656 5
4.9210764259530375 5
4.921075930031225 5
4.921075457372607 5
4.921075007948964 5
4.921074581733474 5
4.9210741787007 5
4.921073798826594 5
4.921073442088496 5
4.921073108465128 5
4.921072797936595 5
4.921072510484378 5
4.92107224609134 5
4.9210720047417205 5
4.921071786421132 5
4.921071591116564 5
4.921071418816376 5
4.921071269510301 5
4.921071143189443 5
4.921071039846274 5
4.921070959474639 5
4.921070902069747 5
4.92107086762818 5
4.921070856147885 5
4.92107086762818 5
4.921070902069747 5
4.921070959474639 5
4.921071039846274 5
4.921071143189443 5
4.921071269510301 5
4.921071418816376 5
4.921071591116564 5
4.921071786421132 5
4.9210720047417205 5
4.92107224609134 5
4.921072510484378 5
4.921072797936595 5
4.921073108465128 5
4.921073442088496 5
4.921073798826594 5
4.9210741787007 5
4.921074581733474 5
4.921075007948964 5
4.921075457372607 5
4.921075930031225 5
4.9210764259530375 5
4.921076945167656 5
4.921077487706092 5
4.921078053600756 5
4.921078642885461 5
4.921079255595429 5
4.921079891767289 5
4.921080551439086 5
4.921081234650278 5
4.921081941441745 5
4.92108267185579 5
4.921083425936144 5
4.921084203727967 5
4.921085005277858 5
4.921085830633852 5
4.921086679845431 5
4.921087552963524 5
4.9210884500405125 5
4.921089371130235 5
4.921090316287996 5
4.921091285570564 5
4.9210922790361815 5
4.921093296744568 5
4.921094338756929 5
4.921095405135956 5
4.921096495945836 5
4.921097611252256 5
4.92109875112241 5
4.921099915625005 5
4.921101104830263 5
4.921102318809935 5
4.921103557637301 5
4.921104821387179 5
4.921106110135935 5
4.921107423961481 5
4.921108762943294 5
4.921110127162411 5
4.921111516701446 5
4.921112931644594 5
4.9211143720776365 5
4.921115838087952 5
4.921117329764524 5
4.921118847197946 5
4.921120390480436 5
4.921121959705835 5
4.921123554969626 5
4.921125176368938 5
4.9211268240025525 5
4.921128497970915 5
4.9211301983761455 5
4.921131925322046 5
4.921133678914109 5
4.921135459259531 5
4.921137266467216 5
4.921139100647793 5
4.921140961913618 5
4.921142850378794 5
4.921144766159168 5
4.921146709372357 5
4.921148680137747 5
4.92115067857651 5
4.92115270481161 5
4.9211547589678215 5
4.921156841171736 5
4.921158951551771 5
4.92116109023819 5
4.921163257363105 5
4.921165453060497 5
4.921167677466222 5
4.921169930718028 5
4.921172212955565 5
4.921174524320396 5
4.921176864956016 5
4.921179235007861 5
4.921181634623319 5
4.921184063951751 5
4.921186523144497 5
4.921189012354895 5
4.921191531738292 5
4.921194081452062 5
4.921196661655616 5
4.921199272510419 5
4.921201914180007 5
4.921204586829998 5
4.92120729062811 5
4.921210025744175 5
4.921212792350157 5
4.9212155906201644 5
4.92121842073047 5
4.921221282859523 5
4.921224177187972 5
4.921227103898673 5
4.921230063176713 5
4.921233055209427 5
4.921236080186412 5
4.921239138299544 5
4.921242229743002 5
4.92124535471328 5
4.921248513409209 5
4.92125170603197 5
4.921254932785121 5
4.9212581938746105 5
4.921261489508795 5
4.921264819898465 5
4.921268185256858 5
4.921271585799684 5
4.92127502174514 5
4.921278493313935 5
4.921282000729307 5
4.921285544217049 5
4.921289124005526 5
4.921292740325694 5
4.921296393411129 5
4.921300083498044 5
4.921303810825308 5
4.921307575634479 5
4.921311378169814 5
4.921315218678302 5
4.921319097409681 5
4.921323014616464 5
4.921326970553962 5
4.921330965480311 5
4.921334999656489 5
4.92133907334635 5
4.92134318681664 5
4.921347340337029 5
4.921351534180132 5
4.921355768621538 5
4.921360043939833 5
4.921364360416628 5
4.921368718336585 5
4.921373117987445 5
4.921377559660053 5
4.921382043648388 5
4.921386570249592 5
4.921391139763989 5
4.921395752495126 5
4.921400408749796 5
4.921405108838064 5
4.9214098530733015 5
4.921414641772214 5
4.921419475254872 5
4.921424353844738 5
4.921429277868705 5
4.921434247657116 5
4.921439263543807 5
4.921444325866131 5
4.921449434964995 5
4.921454591184888 5
4.921459794873917 5
4.92146504638384 5
4.921470346070097 5
4.921475694291848 5
4.921481091412002 5
4.921486537797256 5
4.921492033818129 5
4.921497579848998 5
4.921503176268128 5
4.921508823457717 5
4.921514521803928 5
4.9215202716969255 5
4.921526073530914 5
4.921531927704173 5
4.921537834619101 5
4.92154379468225 5
4.921549808304361 5
4.921555875900413 5
4.921561997889653 5
4.921568174695643 5
4.921574406746295 5
4.921580694473917 5
4.921587038315252 5
4.921593438711522 5
4.921599896108464 5
4.921606410956384 5
4.921612983710189 5
4.921619614829438 5
4.921626304778382 5
4.921633054026012 5
4.921639863046101 5
4.921646732317253 5
4.921653662322945 5
4.9216606535515774 5
4.9216677064965175 5
4.921674821656151 5
4.9216819995339245 5
4.9216892406384005 5
4.921696545483302 5
4.921703914587562 5
4.921711348475377 5
4.921718847676251 5
4.921726412725056 5
4.921734044162075 5
4.921741742533055 5
4.9217495083892695 5
4.921757342287555 5
4.9217652447903815 5
4.921773216465893 5
4.921781257887973 5
4.9217893696362935 5
4.921797552296371 5
4.921805806459626 5
4.921814132723441 5
4.921822531691211 5
4.92183100397241 5
4.921839550182645 5
4.921848170943718 5
4.921856866883683 5
4.921865638636909 5
4.921874486844142 5
4.921883412152561 5
4.921892415215851 5
4.921901496694254 5
4.921910657254641 5
4.921919897570574 5
4.921929218322371 5
4.921938620197169 5
4.921948103888995 5
4.921957670098829 5
4.921967319534674 5
4.921977052911621 5
4.921986870951923 5
4.92199677438506 5
4.922006763947811 5
4.922016840384325 5
4.922027004446192 5
4.922037256892516 5
4.922047598489987 5
4.922058030012958 5
4.922068552243513 5
4.922079165971549 5
4.922089871994848 5
4.9221006711191535 5
4.922111564158252 5
4.922122551934044 5
4.922133635276631 5
4.922144815024387 5
4.922156092024045 5
4.922167467130775 5
4.922178941208268 5
4.9221905151288174 5
4.922202189773401 5
4.922213966031768 5
4.922225844802521 5
4.922237826993207 5
4.922249913520399 5
4.922262105309783 5
4.922274403296251 5
4.922286808423987 5
4.922299321646556 5
4.9223119439269984 5
4.922324676237917 5
4.922337519561573 5
4.922350474889977 5
4.922363543224986 5
4.922376725578394 5
4.922390022972032 5
4.922403436437864 5
4.92241696701808 5
4.922430615765203 5
4.922444383742179 5
4.922458272022486 5
4.922472281690229 5
4.922486413840245 5
4.922500669578203 5
4.922515050020713 5
4.922529556295426 5
4.922544189541142 5
4.922558950907918 5
4.922573841557172 5
4.922588862661795 5
4.922604015406258 5
4.9226193009867245 5
4.9226347206111605 5
4.922650275499448 5
4.922665966883498 5
4.922681796007364 5
4.922697764127359 5
4.922713872512171 5
4.922730122442977 5
4.9227465152135705 5
4.922763052130469 5
4.922779734513042 5
4.922796563693631 5
4.922813541017671 5
4.922830667843815 5
4.922847945544054 5
4.922865375503847 5
4.92288295912225 5
4.922900697812032 5
4.9229185929998165 5
4.922936646126204 5
4.922954858645904 5
4.922973232027863 5
4.922991767755407 5
4.923010467326365 5
4.923029332253205 5
4.923048364063176 5
4.923067564298439 5
4.923086934516208 5
4.923106476288888 5
4.923126191204212 5
4.923146080865388 5
4.923166146891236 5
4.923186390916334 5
4.923206814591162 5
4.923227419582244 5
4.923248207572302 5
4.923269180260393 5
4.923290339362067 5
4.923311686609512 5
4.923333223751704 5
4.923354952554562 5
4.923376874801099 5
4.923398992291576 5
4.923421306843655 5
4.92344382029256 5
4.9234665344912285 5
4.923489451310473 5
4.923512572639143 5
4.923535900384277 5
4.92355943647127 5
4.923583182844037 5
4.923607141465171 5
4.923631314316113 5
4.923655703397315 5
4.923680310728404 5
4.923705138348357 5
4.923730188315661 5
4.923755462708488 5
4.923780963624866 5
4.923806693182849 5
4.923832653520686 5
4.923858846797004 5
4.923885275190974 5
4.923911940902492 5
4.923938846152352 5
4.923965993182424 5
4.92399338425584 5
4.92402102165716 5
4.924048907692565 5
4.92407704469003 5
4.924105434999513 5
4.924134080993132 5
4.924162985065354 5
4.924192149633175 5
4.924221577136311 5
4.924251270037384 5
4.924281230822104 5
4.924311461999464 5
4.924341966101925 5
4.924372745685608 5
4.924403803330483 5
4.924435141640564 5
4.924466763244096 5
4.924498670793752 5
4.924530866966824 5
4.924563354465418 5
4.924596136016652 5
4.924629214372845 5
4.924662592311721 5
4.924696272636597 5
4.924730258176588 5
4.9247645517868 5
4.9247991563485325 5
4.924834074769471 5
4.924869309983892 5
4.924904864952862 5
4.924940742664433 5
4.924976946133849 5
4.92501347840374 5
4.92505034254433 5
4.925087541653634 5
4.925125078857662 5
4.925162957310615 5
4.925201180195096 5
4.925239750722302 5
4.925278672132236 5
4.9253179476939 5
4.925357580705504 5
4.9253975744946645 5
4.925437932418605 5
4.925478657864362 5
4.925519754248984 5
4.925561225019734 5
4.925603073654287 5
4.925645303660938 5
4.925687918578794 5
4.925730921977983 5
4.925774317459841 5
4.925818108657126 5
4.925862299234206 5
4.925906892887256 5
4.925951893344465 5
4.925997304366219 5
4.926043129745308 5
4.926089373307112 5
4.9261360389098 5
4.92618313044452 5
4.92623065183559 5
4.926278607040689 5
4.926327000051045 5
4.926375834891625 5
4.926425115621321 5
4.926474846333127 5
4.926525031154336 5
4.926575674246709 5
4.926626779806663 5
4.926678352065444 5
4.926730395289306 5
4.926782913779686 5
4.926835911873372 5
4.926889393942677 5
4.926943364395603 5
4.926997827676014 5
4.927052788263788 5
4.927108250674987 5
4.927164219462009 5
4.927220699213746 5
4.927277694555734 5
4.927335210150305 5
4.927393250696733 5
4.927451820931372 5
4.927510925627803 5
4.9275705695969645 5
4.927630757687289 5
4.92769149478483 5
4.92775278581339 5
4.927814635734638 5
4.92787704954823 5
4.9279400322919225 5
4.928003589041678 5
4.928067724911776 5
4.9281324450549056 5
4.928197754662266 5
4.928263658963656 5
4.928330163227559 5
4.928397272761223 5
4.928464992910735 5
4.928533329061094 5
4.928602286636273 5
4.928671871099274 5
4.92874208795219 5
4.928812942736239 5
4.928884441031815 5
4.928956588458514 5
4.929029390675167 5
4.929102853379856 5
4.929176982309931 5
4.929251783242013 5
4.929327261991999 5
4.929403424415044 5
4.929480276405556 5
4.929557823897166 5
4.929636072862696 5
4.929715029314121 5
4.929794699302523 5
4.929875088918027 5
4.929956204289742 5
4.930038051585685 5
4.930120637012691 5
4.930203966816329 5
4.930288047280792 5
4.9303728847287855 5
4.930458485521407 5
4.9305448560580105 5
4.930632002776062 5
4.930719932150989 5
4.930808650696008 5
4.930898164961955 5
4.930988481537095 5
4.93107960704692 5
4.931171548153939 5
4.931264311557457 5
4.931357903993333 5
4.931452332233737 5
4.931547603086885 5
4.931643723396766 5
4.931740700042853 5
4.931838539939801 5
4.931937250037135 5
4.932036837318916 5
4.932137308803399 5
4.932238671542676 5
4.932340932622298 5
4.932444099160895 5
4.932548178309761 5
4.932653177252446 5
4.932759103204309 5
4.932865963412076 5
4.932973765153368 5
4.933082515736215 5
4.933192222498556 5
4.93330289280772 5
4.933414534059889 5
4.933527153679542 5
4.9336407591188856 5
4.933755357857263 5
4.933870957400541 5
4.933987565280485 5
4.9341051890541126 5
4.934223836303024 5
4.934343514632714 5
4.934464231671875 5
4.934585995071656 5
4.934708812504928 5
4.934832691665511 5
4.934957640267382 5
4.935083666043873 5
4.935210776746832 5
4.935338980145771 5
4.935468284026994 5
4.935598696192696 5
4.935730224460043 5
4.935862876660229 5
4.93599666063751 5
4.936131584248215 5
4.936267655359732 5
4.9364048818494695 5
4.9365432716038 5
4.936682832516972 5
4.936823572490001 5
4.936965499429532 5
4.93710862124669 5
4.9372529458558825 5
4.937398481173601 5
4.937545235117182 5
4.937693215603544 5
4.937842430547905 5
4.937992887862468 5
4.938144595455082 5
4.938297561227879 5
4.938451793075878 5
4.938607298885571 5
4.938764086533477 5
4.938922163884668 5
4.939081538791273 5
4.9392422190909455 5
4.93940421260532 5
4.93956752713842 5
4.93973217047506 5
4.9398981503792 5
4.94006547459229 5
4.940234150831573 5
4.940404186788372 5
4.940575590126337 5
4.940748368479677 5
4.940922529451355 5
4.941098080611258 5
4.941275029494344 5
4.941453383598751 5
4.941633150383892 5
4.94181433726851 5
4.941996951628712 5
4.942181000795979 5
4.942366492055138 5
4.942553432642317 5
4.9427418297428725 5
4.942931690489283 5
4.943123021959023 5
4.943315831172408 5
4.943510125090412 5
4.943705910612465 5
4.94390319457422 5
4.944101983745291 5
4.944302284826979 5
4.944504104449957 5
4.944707449171945 5
4.944912325475353 5
4.945118739764901 5
4.94532669836522 5
4.945536207518426 5
4.945747273381678 5
4.945959902024702 5
4.946174099427309 5
4.946389871476882 5
4.946607223965844 5
4.946826162589114 5
4.947046692941532 5
4.947268820515276 5
4.947492550697254 5
4.947717888766487 5
4.947944839891468 5
4.948173409127507 5
4.948403601414065 5
4.94863542157207 5
4.948868874301223 5
4.949103964177285 5
4.949340695649362 5
4.949579073037175 5
