17.0 10
17.238880105336115 10
17.477344324191204 10
17.714977560392963 10
17.951366296882203 10
18.18609938151138 10
18.418768808341586 10
18.648970492950703 10
18.876305040277103 10
19.100378503537023 10
19.32080313277139 10
19.537198111596908 10
19.749190280759272 10
19.956414847111063 10
20.15851607666487 10
20.355147970402456 10
20.54597492155348 10
20.730672353092785 10
20.908927334242662 10
21.08043917480673 10
21.24491999620401 10
21.40209527811633 10
21.55170437970851 10
21.69350103442924 10
21.82725381745072 10
21.952746584857497 10
22.06977888374833 10
22.17816633247065 10
22.277740970263665 10
22.36835157564496 10
22.449863952934084 10
22.52216118636821 10
22.5851438613259 10
22.63873025223809 10
22.682856476828547 10
22.717476616390265 10
22.742562801868942 10
22.75810526558969 10
22.76411235852854 10
22.76061053309597 10
22.747644291465253 10
22.725276099544025 10
22.693586266752902 10
22.65267279184005 10
22.602651175025223 10
22.543654196830985 10
22.475831664022067 10
22.399350123136664 10
22.314392542154906 10
22.22115796091058 10
22.11986111091163 10
22.01073200529311 10
21.89401549968328 10
21.769970824818703 10
21.63887109179824 10
21.501002770917527 10
21.35666514507637 10
21.20616973879929 10
21.049839723956307 10
20.88800930331529 10
20.721023073099182 10
20.549235365761817 10
20.37300957423318 10
20.19271745892072 10
20.008738438785763 10
19.821458867844648 10
19.631271298471827 10
19.438573732907276 10
19.243768864393157 10
19.04726330938424 10
18.849466832293725 10
18.65079156425013 10
18.451651217352676 10
18.25246029592059 10
18.053633306238154 10
17.855583966299577 10
17.65872441705817 10
17.463464436681253 10
17.27021065930658 10
17.07936579978745 10
16.891327885902278 10
16.70648949949027 10
16.525237027957708 10
16.34794992757972 10
16.175 10
16.006750683305608 10
15.843556359026492 10
15.685761676378917 10
15.533700895039132 10
15.387697247698467 10
15.248062323613272 10
15.115095474323184 10
14.989083242669055 10
14.87029881619744 10
14.759001505992194 10
14.655436251925291 10
14.559833155268674 10
14.472407039556902 10
14.393357040536555 10
14.322866225982985 10
14.26110124610816 10
14.208212015225143 10
14.164331425275163 10
14.129575091762668 10
14.10404113258206 10
14.08780998015711 10
14.080944227250749 10
14.083488506738744 10
14.0954694055762 10
14.116895413120686 10
14.14775690391036 10
14.188026154929974 10
14.23765739733191 10
14.29658690251381 10
14.36473310238902 10
14.44199674362094 10
14.528261075527702 10
14.62339207129958 10
14.727238682107991 10
14.83963312362254 10
14.960391194390564 10
15.089312625473385 10
15.22618146067355 10
15.37076646662945 10
15.522821571996662 10
15.682086334880053 10
15.848286437626903 10
16.02113420803922 10
16.200329166013123 10
16.385558594564774 10
16.576498134155923 10
16.772812399187732 10
16.974155615489476 10
17.18017227758854 10
17.390497824510646 10
17.60475933282405 10
17.82257622560819 10
18.04356099599764 10
18.26731994392376 10
18.493453924651853 10
18.721559107688943 10
18.95122774461753 10
19.182048944393724 10
19.41360945463413 10
19.645494447404094 10
19.87728830801163 10
20.108575425305663 10
20.338940981973963 10
20.56797174333675 10
20.795256843134265 10
21.02038856481261 10
21.24296311682071 10
21.462581400442577 10
21.678849768703227 10
21.89138077490381 10
22.099793909360937 10
22.303716322947984 10
22.502783536060917 10
22.69664013165924 10
22.88494043106286 10
23.067349151218345 10
23.243542042183627 10
23.413206503617587 10
23.576042179101083 10
23.73176152715802 10
23.88009036788973 10
24.02076840418186 10
24.15354971649193 10
24.27820323027551 10
24.394513155161384 10
24.50227939503973 10
24.601317928282693 10
24.69146115737356 10
24.772558227279127 10
24.84447531195917 10
24.907095868467664 10
24.960320858162117 10
25.00406893459989 10
25.038276597763964 10
25.06289831432449 10
25.07790660370725 10
25.083292089805333 10
25.079063518235344 10
25.065247739105686 10
25.041889655329392 10
25.009052136580166 10
24.96681589905527 10
24.91527935127433 10
24.85455840620743 10
24.784786260090293 10
24.70611313834751 10
24.61870600910753 10
24.52274826485481 10
24.418439372824963 10
24.30599449480873 10
24.18564407708817 10
24.057633411285952 10
23.92222216696348 10
23.779683896857843 10
23.630305515699185 10
23.474386753600758 10
23.312239585062144 10
23.14418763467253 10
22.97056556064547 10
22.791718417358428 10
22.60800099811076 10
22.419777159351128 10
22.227419127660752 10
22.031306790811712 10
21.83182697424992 10
21.629372704379808 10
21.42434246005344 10
21.217139413688557 10
21.008170663460422 10
20.79784645802895 10
20.586579415276717 10
20.374783736545474 10
20.16287441786646 10
19.95126645968629 10
19.740374076592687 10
19.53060990854432 10
19.322384235106316 10
19.116104194187265 10
18.91217300676468 10
18.710989209074956 10
18.51294589372926 10
18.318429961200003 10
18.12782138310264 10
17.94149247867539 10
17.759807205833894 10
17.5831204681506 10
17.41177743907783 10
17.24611290470115 10
17.086450626273987 10
16.933102723746988 10
16.786369081465754 10
16.646536777167984 10
16.513879535367227 10
16.38865720616361 10
16.271115270473704 10
16.161484372621345 10
16.059979881179213 10
15.966801478897017 10
15.882132782497017 10
15.806140993060556 10
15.738976577671108 10
15.680772982919857 10
15.63164638081925 10
15.591695447608076 10
15.561001175869189 10
15.53962672031753 10
15.527617277551991 10
15.525 10
15.53178394421866 10
15.547960053650865 10
15.573501175869186 10
15.60836211427474 10
15.652479714152582 10
15.705772982919854 10
15.768143244337772 10
15.839474326393894 10
15.919632782497011 10
16.008468145563675 10
16.105813214512544 10
16.211484372621346 10
16.325281937140367 10
16.446990539496948 10
16.576379535367224 10
16.713203443834644 10
16.857202414799083 10
17.00810272374699 10
17.16561729294065 10
17.32944623803449 10
17.499277439077826 10
17.674787134817254 10
17.855640539167222 10
18.041492478675387 10
18.231988049769303 10
18.42676329453333 10
18.625445893729264 10
18.827655875741605 10
19.03300634009801 10
19.24110419418726 10
19.451550901772976 10
19.663943241877647 10
19.877874076592683 10
20.092933126352957 10
20.30870775119978 10
20.52478373654548 10
20.740746081943385 10
20.95617979136227 10
21.17067066346043 10
21.38380608035521 10
21.595175793386773 10
21.804372704379805 10
22.01099364091658 10
22.21464012414504 10
22.41491912766074 10
22.6114438260178 10
22.803834331444083 10
22.991718417358424 10
23.17473222731213 10
23.35252096800586 10
23.52473958506214 10
23.691053420267423 10
23.85113884903252 10
24.004683896857838 10
24.151388833630147 10
24.290966744619283 10
24.423144077088168 10
24.5476611614754 10
24.664272706158293 10
24.772748264854805 10
24.8728726757742 10
24.964446471680844 10
25.04728626009029 10
25.121225072874097 10
25.186112684607664 10
25.24181589905527 10
25.288218803246828 10
25.325222988662727 10
25.352747739105688 10
25.37073018490201 10
25.379125423138667 10
25.37790660370726 10
25.36706498099116 10
25.346609931097294 10
25.31656893459989 10
25.276987524828783 10
25.227929201801 10
25.16947531195917 10
25.1017248939458 10
25.024794490706896 10
24.938817928282692 10
24.843946061706404 10
24.74034648849472 10
24.62820323027551 10
24.50771638315861 10
24.379101737515192 10
24.242590367889733 10
24.098428193824688 10
23.946875512434417 10
23.788206503617594 10
23.622708708850293 10
23.450682484551685 10
23.272440431062854 10
23.08830679832591 10
22.89861686939426 10
22.703716322947983 10
22.50396057602761 10
22.29971410823714 10
22.091349768703232 10
21.87924806710925 10
21.66379645015405 10
21.445388564812617 10
21.22442350980093 10
21.001305076670096 10
20.776440981973963 10
20.550242091972333 10
20.323121641344965 10
20.095494447404093 10
19.867776121300807 10
19.640382277727063 10
19.41372774461754 10
19.18822577435561 10
18.964287257985184 10
18.742319943923768 10
18.52272766266431 10
18.30590955894153 10
18.09225933282404 10
17.88216449117733 10
17.67600561092187 10
17.474155615489483 10
17.27697906585441 10
17.084831467489252 10
16.89805859456478 10
16.716995832679796 10
16.541967541372564 10
16.373286437626906 10
16.211253001546723 10
16.05615490533 10
15.908266466629447 10
15.767848127340216 10
15.63514595880672 10
15.51039119439057 10
15.393799790289204 10
15.285572015441328 10
15.18589207129958 10
15.094927742194368 10
15.01283007695428 10
14.939733102389022 10
14.87575356918048 10
14.820990730665248 10
14.775526154929972 10
14.739423570577026 10
14.71272874645402 10
14.6954694055762 10
14.687655173405409 10
14.68927756058408 10
14.70030998015711 10
14.720707799248723 10
14.750408425096 10
14.789331425275162 10
14.83737868189181 10
14.894434579441494 10
14.960366225982984 10
15.03502370720322 10
15.118240372890238 10
15.209833155268663 10
15.309602918591956 10
15.417334839325523 10
15.532798816197433 10
15.655749909335722 10
15.785928807656516 10
15.923062323613266 10
16.066863914365126 10
16.217034228372466 10
16.373261676378913 10
16.535223025693153 10
16.702584016638944 10
16.875 10
17.05211659424638 10
17.23357036129103 10
17.418989499490273 10
17.607994552568943 10
17.800199133120778 10
17.99521065930659 10
18.192631103347907 10
18.3920577503915 10
18.59308396629957 10
18.795299972904825 10
18.99829362925392 10
19.20165121735267 10
19.404958230916797 10
19.607800165627044 10
19.80976330938424 10
20.010435531059816 10
20.2094070662406 10
20.40627129847183 10
20.60062553451132 10
20.792071772119087 10
20.98021745892071 10
21.16467624089985 10
21.345068699095147 10
21.52102307309918 10
21.69217596998196 10
21.85817305728963 10
22.01866973879928 10
22.173331811743036 10
22.321836104250863 10
22.46387109179824 10
22.59913749148537 10
22.72734883301661 10
22.848232005293102 10
22.961527777578294 10
23.066991294243916 10
23.164392542154904 10
23.25351678980333 10
23.3341649973554 10
23.40615419683098 10
23.46931784169189 10
23.523506125173384 10
23.568586266752902 10
23.60444276621069 10
23.63097762479859 10
23.64811053309597 10
23.65577902519521 10
23.653938598923027 10
23.64256280186894 10
23.621643283056933 10
23.59118981016188 10
23.551230252238096 10
23.501810527992568 10
23.442994519701543 10
23.374863952934085 10
23.29751824231162 10
23.211074303597 10
23.11566633247065 10
23.011445550415004 10
22.898579918190837 10
22.77725381745072 10
22.647667701095905 10
22.51003771304185 10
22.36459527811633 10
22.21158666287069 10
22.051272508140062 10
21.883927334242667 10
21.709839019759443 10
21.52930825488681 10
21.34264797040246 10
21.15018274333155 10
20.952248180444407 10
20.749190280759272 10
20.541364778263578 10
20.329136466104718 10
20.112878503537026 10
19.89297170694377 10
19.66980382628405 10
19.44376880834159 10
19.215266048178044 10
18.98469963021554 10
18.752477560392972 10
18.519010990857865 10
18.284713438669467 10
18.050000000000004 10
17.815286561330563 10
17.580989009142126 10
17.347522439607037 10
17.11530036978447 10
16.884733951821964 10
16.656231191658435 10
16.430196173715963 10
16.20702829305624 10
15.98712149646297 10
15.77086353389528 10
15.558635221736427 10
15.350809719240734 10
15.147751819555614 10
14.94981725666846 10
14.757352029597548 10
14.570691745113178 10
14.390160980240548 10
14.216072665757352 10
14.048727491859935 10
13.888413337129329 10
13.735404721883668 10
13.589962286958157 10
13.452332298904103 10
13.322746182549288 10
13.20142008180918 10
13.088554449584995 10
12.98433366752936 10
12.888925696402998 10
12.802481757688373 10
12.725136047065917 10
12.65700548029846 10
12.598189472007435 10
12.548769747761906 10
12.50881018983812 10
12.478356716943068 10
12.457437198131055 10
12.446061401076976 10
12.444220974804791 10
12.451889466904028 10
12.469022375201412 10
12.495557233789308 10
12.531413733247096 10
12.576493874826614 10
12.630682158308105 10
12.693845803169015 10
12.765835002644598 10
12.846483210196672 10
12.935607457845094 10
13.033008705756084 10
13.1384722224217 10
13.251767994706883 10
13.37265116698339 10
13.500862508514636 10
13.636128908201767 10
13.778163895749143 10
13.92666818825695 10
14.081330261200698 10
14.241826942710365 10
14.407824030018046 10
14.578976926900811 10
14.754931300904843 10
14.935323759100145 10
15.119782541079282 10
15.307928227880902 10
15.499374465488676 10
15.693728701528162 10
15.890592933759391 10
16.089564468940175 10
16.29023669061575 10
16.492199834372933 10
16.695041769083183 10
16.89834878264734 10
17.101706370746086 10
17.304700027095183 10
17.506916033700403 10
17.707942249608475 10
17.907368896652084 10
18.104789340693426 10
18.299800866879217 10
18.49200544743105 10
18.68101050050972 10
18.866429638708965 10
19.047883405753613 10
19.224999999999994 10
19.39741598336105 10
19.56477697430684 10
19.72673832362108 10
19.88296577162753 10
20.033136085634855 10
20.176937676386714 10
20.31407119234349 10
20.444250090664283 10
20.567201183802563 10
20.682665160674464 10
20.79039708140803 10
20.890166844731333 10
20.981759627109767 10
21.06497629279678 10
21.13963377401701 10
21.2055654205585 10
21.262621318108188 10
21.31066857472484 10
21.349591574904 10
21.379292200751276 10
21.39969001984289 10
21.41072243941592 10
21.41234482659459 10
21.4045305944238 10
21.387271253545983 10
21.360576429422974 10
21.324473845070024 10
21.27900926933476 10
21.224246430819527 10
21.160266897610985 10
21.08716992304572 10
21.00507225780563 10
20.914107928700425 10
20.81442798455868 10
20.7062002097108 10
20.589608805609437 10
20.464854041193284 10
20.33215187265979 10
20.19173353337056 10
20.043845094670004 10
19.88874699845328 10
19.726713562373103 10
19.55803245862745 10
19.383004167320223 10
19.20194140543521 10
19.015168532510742 10
18.8230209341456 10
18.62584438451054 10
18.423994389078157 10
18.21783550882268 10
18.007740667175952 10
17.79409044105848 10
17.5772723373357 10
17.35768005607624 10
17.135712742014814 10
16.91177422564439 10
16.68627225538248 10
16.459617722272956 10
16.2322238786992 10
16.004505552595916 10
15.776878358655042 10
15.549757908027685 10
15.323559018026057 10
15.098694923329903 10
14.875576490199062 10
14.654611435187393 10
14.436203549845972 10
14.220751932890778 10
14.008650231296766 10
13.80028589176286 10
13.5960394239724 10
13.396283677052024 10
13.201383130605748 10
13.01169320167409 10
12.827559568937142 10
12.649317515448333 10
12.47729129114972 10
12.31179349638241 10
12.15312448756559 10
12.001571806175315 10
11.85740963211028 10
11.720898262484816 10
11.592283616841394 10
11.471796769724488 10
11.359653511505286 10
11.256053938293611 10
11.161182071717317 10
11.075205509293102 10
10.998275106054203 10
10.93052468804083 10
10.872070798199005 10
10.823012475171218 10
10.783431065400114 10
10.753390068902704 10
10.732935019008846 10
10.722093396292742 10
10.720874576861334 10
10.729269815097988 10
10.747252260894314 10
10.774777011337273 10
10.811781196753168 10
10.858184100944731 10
10.913887315392335 10
10.9787749271259 10
11.0527137399097 10
11.135553528319146 10
11.2271273242258 10
11.327251735145197 10
11.435727293841705 10
11.5523388385246 10
11.676855922911829 10
11.809033255380715 10
11.948611166369853 10
12.095316103142151 10
12.248861150967477 10
12.408946579732572 10
12.575260414937857 10
12.747479031994128 10
12.925267772687851 10
13.10828158264156 10
13.296165668555918 10
13.48855617398221 10
13.685080872339253 10
13.885359875854936 10
14.089006359083394 10
14.295627295620196 10
14.504824206613227 10
14.716193919644777 10
14.92932933653956 10
15.143820208637722 10
15.359253918056616 10
15.575216263454523 10
15.791292248800202 10
16.007066873647027 10
16.222125923407308 10
16.436056758122348 10
16.648449098227008 10
16.858895805812722 10
17.066993659901975 10
17.272344124258396 10
17.474554106270745 10
17.673236705466667 10
17.868011950230674 10
18.058507521324596 10
18.244359460832776 10
18.425212865182736 10
18.60072256092217 10
18.77055376196551 10
18.934382707059363 10
19.09189727625302 10
19.24279758520092 10
19.386796556165336 10
19.523620464632756 10
19.653009460503053 10
19.774718062859627 10
19.888515627378645 10
19.994186785487447 10
20.09153185443631 10
20.180367217502987 10
20.26052567360611 10
20.33185675566223 10
20.394227017080144 10
20.44752028584741 10
20.49163788572525 10
20.52649882413081 10
20.552039946349133 10
20.56821605578134 10
20.575 10
20.57238272244801 10
20.56037327968247 10
20.53899882413081 10
20.508304552391927 10
20.468353619180743 10
20.419227017080143 10
20.36102342232889 10
20.29385900693944 10
20.217867217502985 10
20.13319852110299 10
20.040020118820795 10
19.938515627378663 10
19.828884729526308 10
19.711342793836383 10
19.58612046463277 10
19.45346322283202 10
19.31363091853425 10
19.166897276253017 10
19.013549373726 10
18.853887095298838 10
18.688222560922163 10
18.51687953184943 10
18.340192794166136 10
18.15850752132462 10
17.972178616897367 10
17.781570038800012 10
17.587054106270756 10
17.389010790925074 10
17.18782699323532 10
16.983895805812736 10
16.777615764893685 10
16.56939009145569 10
16.35962592340732 10
16.148733540313724 10
15.937125582133566 10
15.725216263454554 10
15.513420584723312 10
15.302153541971052 10
15.091829336539572 10
14.882860586311455 10
14.675657539946574 10
14.470627295620208 10
14.268173025750071 10
14.06869320918828 10
13.872580872339247 10
13.680222840648872 10
13.491999001889248 10
13.308281582641586 10
13.129434439354544 10
12.955812365327484 10
12.787760414937878 10
12.625613246399237 10
12.469694484300817 10
12.320316103142162 10
12.177777833036528 10
12.042366588714058 10
11.914355922911817 10
11.794005505191263 10
11.681560627175031 10
11.577251735145207 10
11.48129399089248 10
11.393886861652494 10
11.315213739909709 10
11.245441593792572 10
11.184720648725676 10
11.133184100944735 10
11.090947863419837 10
11.058110344670606 10
11.034752260894315 10
11.020936481764654 10
11.016707910194668 10
11.022093396292744 10
11.03710168567551 10
11.061723402236034 10
11.095931065400109 10
11.139679141837888 10
11.192904131532334 10
11.255524688040826 10
11.327441772720867 10
11.408538842626433 10
11.49868207171731 10
11.597720604960273 10
11.70548684483862 10
11.82179676972449 10
11.946450283508064 10
12.07923159581813 10
12.21990963211026 10
12.368238472841965 10
12.5239578208989 10
12.686793496382414 10
12.856457957816376 10
13.032650848781651 10
13.21505956893713 10
13.403359868340743 10
13.5972164639391 10
13.796283677052028 10
14.00020609063907 10
14.208619225096164 10
14.421150231296735 10
14.637418599557416 10
14.857036883179276 10
15.079611435187378 10
15.304743156865715 10
15.53202825666326 10
15.761059018026042 10
15.99142457469434 10
16.222711691988362 10
16.454505552595904 10
16.686390545365857 10
16.91795105560626 10
17.148772255382447 10
17.378440892311026 10
17.606546075348117 10
17.832680056076246 10
18.056439004002357 10
18.2774237743918 10
18.49524066717594 10
18.70950217548933 10
18.91982772241148 10
19.12584438451053 10
19.327187600812263 10
19.523501865844075 10
19.714441405435217 10
19.899670833986868 10
20.07886579196077 10
20.25171356237308 10
20.41791366511993 10
20.577178428003343 10
20.72923353337055 10
20.87381853932645 10
21.010687374526608 10
21.139608805609427 10
21.260366876377468 10
21.372761317892014 10
21.476607928700425 10
21.571738924472285 10
21.658003256379047 10
21.735266897610977 10
21.803413097486185 10
21.86234260266809 10
21.911973845070023 10
21.95224309608964 10
21.983104586879318 10
22.0045305944238 10
22.016511493261252 10
22.01905577274925 10
22.01219001984289 10
21.995958867417944 10
21.970424908237337 10
21.935668574724843 10
21.89178798477486 10
21.83889875389184 10
21.777133774017017 10
21.706642959463448 10
21.627592960443103 10
21.54016684473133 10
21.444563748074703 10
21.340998494007803 10
21.22970118380256 10
21.110916757330948 10
20.98490452567682 10
20.851937676386736 10
20.712302752301547 10
20.566299104960883 10
20.414238323621102 10
20.256443640973504 10
20.093249316694397 10
19.925000000000004 10
19.75205007242029 10
19.574762972042308 10
19.393510500509716 10
19.20867211409771 10
19.020634200212545 10
18.82978934069345 10
18.63653556331878 10
18.441275582941834 10
18.244416033700432 10
18.04636669376186 10
17.84753970407943 10
17.648348782647314 10
17.44920843574986 10
17.250533167706276 10
17.05273669061576 10
16.856231135606855 10
16.66142626709274 10
16.46872870152819 10
16.27854113215537 10
16.091261561214264 10
15.90728254107931 10
15.726990425766822 10
15.550764634238188 10
15.378976926900824 10
15.211990696684722 10
15.05016027604368 10
14.893830261200709 10
14.743334854923626 10
14.598997229082473 10
14.461128908201765 10
14.330029175181298 10
14.205984500316733 10
14.0892679947069 10
13.980138889088384 10
13.878842039089433 10
13.785607457845092 10
13.700649876863334 10
13.624168335977936 10
13.55634580316902 10
13.49734882497478 10
13.447327208159944 10
13.406413733247094 10
13.37472390045597 10
13.35235570853475 10
13.339389466904027 10
13.33588764147146 10
13.341894734410308 10
13.357437198131056 10
13.382523383609731 10
13.417143523171454 10
13.461269747761907 10
13.5148561386741 10
13.577838813631788 10
13.65013604706591 10
13.731648424355036 10
13.822259029736328 10
13.921833667529343 10
14.03022111625165 10
14.147253415142488 10
14.272746182549282 10
14.406498965570758 10
14.54829562029148 10
14.69790472188366 10
14.855080003795996 10
15.019560825193276 10
15.19107266575734 10
15.369327646907218 10
15.554025078446514 10
15.744852029597538 10
15.941483923335117 10
16.14358515288892 10
16.350809719240704 10
16.56280188840307 10
16.779196867228617 10
16.999621496462975 10
17.22369495972289 10
17.45102950704928 10
17.6812311916584 10
17.913900618488636 10
18.14863370311781 10
18.38502243960704 10
18.62265567580876 10
18.861119894663883 10
19.09999999999999 10
19.338880105336106 10
19.57734432419118 10
19.81497756039294 10
20.05136629688221 10
20.286099381511384 10
20.518768808341576 10
20.7489704929507 10
20.97630504027709 10
21.20037850353701 10
21.42080313277137 10
21.637198111596884 10
21.849190280759245 10
22.056414847111032 10
22.25851607666487 10
22.45514797040245 10
22.645974921553467 10
22.83067235309277 10
23.00892733424267 10
23.180439174806736 10
23.344919996204013 10
23.50209527811633 10
23.65170437970851 10
23.79350103442923 10
23.92725381745071 10
24.052746584857488 10
24.169778883748325 10
24.27816633247063 10
24.377740970263662 10
24.46835157564496 10
24.54986395293408 10
24.622161186368203 10
24.685143861325905 10
24.738730252238096 10
24.78285647682855 10
24.817476616390262 10
24.842562801868944 10
24.858105265589693 10
24.864112358528544 10
24.86061053309597 10
24.847644291465254 10
24.825276099544027 10
24.793586266752904 10
24.752672791840048 10
24.702651175025224 10
24.643654196830983 10
24.57583166402207 10
24.499350123136672 10
24.414392542154918 10
24.321157960910597 10
24.219861110911644 10
24.11073200529311 10
23.99401549968328 10
23.86997082481871 10
23.73887109179825 10
23.60100277091754 10
23.45666514507636 10
23.30616973879928 10
23.149839723956305 10
22.988009303315287 10
22.821023073099187 10
22.649235365761825 10
22.473009574233195 10
22.29271745892073 10
22.108738438785785 10
21.92145886784468 10
21.731271298471825 10
21.538573732907278 10
21.34376886439316 10
21.14726330938425 10
20.949466832293705 10
20.75079156425012 10
20.551651217352664 10
20.352460295920583 10
20.153633306238188 10
19.955583966299585 10
19.75872441705818 10
19.56346443668127 10
19.3702106593066 10
19.17936579978747 10
18.991327885902272 10
18.80648949949027 10
18.625237027957706 10
18.447949927579725 10
18.27500000000001 10
18.10675068330562 10
17.94355635902651 10
17.785761676378936 10
17.63370089503915 10
17.487697247698467 10
17.348062323613274 10
17.215095474323192 10
17.089083242669062 10
16.97029881619745 10
16.859001505992186 10
16.755436251925286 10
16.65983315526867 10
16.572407039556904 10
16.493357040536555 10
16.422866225982986 10
16.361101246108166 10
16.308212015225152 10
16.264331425275167 10
16.229575091762673 10
16.20404113258206 10
16.187809980157112 10
16.180944227250745 10
16.18348850673874 10
16.1954694055762 10
16.21689541312068 10
16.247756903910357 10
16.288026154929973 10
16.337657397331903 10
16.39658690251381 10
16.464733102389008 10
16.541996743620935 10
16.628261075527707 10
16.723392071299568 10
16.827238682107996 10
16.93963312362252 10
17.06039119439056 10
17.1893126254734 10
17.326181460673542 10
17.47076646662944 10
17.622821571996646 10
17.782086334880034 10
17.94828643762691 10
18.121134208039194 10
18.30032916601312 10
18.485558594564736 10
18.676498134155903 10
18.872812399187744 10
19.074155615489456 10
19.28017227758854 10
19.49049782451065 10
19.704759332824043 10
19.922576225608186 10
20.143560995997625 10
20.36731994392374 10
20.593453924651865 10
20.821559107688923 10
21.05122774461753 10
21.282048944393686 10
21.513609454634125 10
21.74549444740412 10
21.977288308011616 10
22.20857542530568 10
22.438940981973936 10
22.66797174333676 10
22.895256843134263 10
23.12038856481257 10
23.342963116820705 10
23.56258140044253 10
23.77884976870321 10
23.99138077490382 10
24.199793909360917 10
24.40371632294799 10
24.602783536060883 10
24.79664013165924 10
24.98494043106288 10
25.16734915121833 10
25.34354204218361 10
25.51320650361757 10
25.676042179101064 10
25.831761527158022 10
25.98009036788971 10
26.12076840418186 10
26.253549716491907 10
26.3782032302755 10
26.494513155161385 10
26.60227939503972 10
26.7013179282827 10
26.79146115737356 10
26.87255822727913 10
26.944475311959167 10
27.007095868467665 10
27.060320858162108 10
27.104068934599887 10
27.13827659776396 10
27.162898314324487 10
27.177906603707257 10
27.18329208980533 10
27.179063518235345 10
27.165247739105688 10
27.14188965532939 10
27.109052136580168 10
27.066815899055268 10
27.01527935127433 10
26.954558406207443 10
26.884786260090294 10
26.806113138347527 10
26.718706009107542 10
26.6227482648548 10
26.51843937282497 10
26.405994494808724 10
26.285644077088197 10
26.15763341128595 10
26.02222216696346 10
25.87968389685785 10
25.7303055156992 10
25.574386753600777 10
25.412239585062164 10
25.244187634672528 10
25.0705655606455 10
24.891718417358422 10
24.708000998110737 10
24.519777159351143 10
24.327419127660733 10
24.13130679081173 10
23.931826974249912 10
23.72937270437981 10
23.52434246005344 10
23.31713941368856 10
23.108170663460445 10
22.897846458028965 10
22.686579415276704 10
22.474783736545497 10
22.26287441786645 10
22.051266459686325 10
21.840374076592692 10
21.63060990854429 10
21.42238423510633 10
21.216104194187245 10
21.01217300676469 10
20.81098920907494 10
20.612945893729258 10
20.41842996120004 10
20.227821383102647 10
20.04149247867543 10
19.859807205833903 10
19.683120468150584 10
19.51177743907785 10
19.34611290470115 10
19.18645062627401 10
19.033102723746996 10
18.88636908146573 10
18.74653677716799 10
18.61387953536724 10
18.488657206163627 10
18.37111527047372 10
18.261484372621343 10
18.15997988117923 10
18.066801478897016 10
17.982132782497008 10
17.906140993060564 10
17.8389765776711 10
17.78077298291986 10
17.73164638081925 10
17.691695447608076 10
17.66100117586919 10
17.63962672031753 10
17.62761727755199 10
17.625 10
17.63178394421866 10
17.647960053650863 10
17.673501175869188 10
17.708362114274735 10
17.75247971415258 10
17.80577298291986 10
17.868143244337766 10
17.939474326393896 10
18.01963278249701 10
18.10846814556368 10
18.205813214512546 10
18.31148437262133 10
18.425281937140365 10
18.54699053949692 10
18.67637953536721 10
18.813203443834656 10
18.957202414799067 10
19.108102723746992 10
19.265617292940625 10
19.42944623803448 10
19.599277439077845 10
19.77478713481725 10
19.95564053916721 10
20.1414924786754 10
20.33198804976928 10
20.52676329453333 10
20.725445893729223 10
20.927655875741607 10
21.133006340098028 10
21.341104194187245 10
21.551550901772995 10
21.76394324187762 10
21.97787407659269 10
22.192933126352955 10
22.40870775119978 10
22.62478373654546 10
22.84074608194337 10
23.05617979136226 10
23.270670663460443 10
23.48380608035519 10
23.69517579338677 10
23.90437270437977 10
24.110993640916572 10
24.31464012414507 10
24.514919127660733 10
24.71144382601781 10
24.903834331444067 10
25.091718417358425 10
25.27473222731213 10
25.45252096800583 10
25.62473958506213 10
25.79105342026739 10
25.951138849032503 10
26.10468389685785 10
26.251388833630124 10
26.390966744619284 10
26.52314407708815 10
26.64766116147539 10
26.764272706158287 10
26.8727482648548 10
26.97287267577419 10
27.06444647168085 10
27.147286260090283 10
27.2212250728741 10
27.28611268460765 10
27.34181589905527 10
27.388218803246836 10
27.425222988662725 10
27.45274773910569 10
27.47073018490201 10
27.479125423138665 10
27.477906603707257 10
27.46706498099116 10
27.4466099310973 10
27.416568934599887 10
27.376987524828785 10
27.327929201801 10
27.26947531195918 10
27.201724893945794 10
27.124794490706908 10
27.038817928282697 10
26.94394606170639 10
26.840346488494724 10
26.728203230275504 10
26.607716383158618 10
26.479101737515197 10
26.34259036788973 10
26.19842819382472 10
26.046875512434426 10
25.888206503617628 10
25.722708708850305 10
25.55068248455167 10
25.37244043106289 10
25.18830679832591 10
24.998616869394283 10
24.80371632294799 10
24.603960576027617 10
24.39971410823716 10
24.19134976870325 10
23.97924806710924 10
23.76379645015408 10
23.54538856481261 10
23.32442350980097 10
23.10130507667009 10
22.876440981973943 10
22.650242091972352 10
22.42312164134496 10
22.19549444740412 10
21.9677761213008 10
21.74038227772706 10
21.51372774461754 10
21.288225774355627 10
21.064287257985207 10
20.842319943923776 10
20.622727662664296 10
20.40590955894156 10
20.19225933282405 10
19.98216449117736 10
19.77600561092188 10
19.57415561548946 10
19.37697906585442 10
19.184831467489246 10
18.9980585945648 10
18.81699583267979 10
18.64196754137256 10
18.47328643762694 10
18.311253001546728 10
18.15615490533003 10
18.00826646662946 10
17.86784812734021 10
17.735145958806736 10
17.610391194390566 10
17.49379979028919 10
17.385572015441333 10
17.285892071299582 10
17.194927742194377 10
17.112830076954282 10
17.03973310238902 10
16.975753569180487 10
16.920990730665245 10
16.87552615492998 10
16.839423570577026 10
16.812728746454017 10
16.795469405576203 10
16.78765517340541 10
16.789277560584082 10
16.80030998015711 10
16.820707799248723 10
16.850408425096 10
16.88933142527516 10
16.93737868189181 10
16.994434579441485 10
17.060366225982982 10
17.13502370720321 10
17.218240372890236 10
17.309833155268656 10
17.40960291859195 10
17.51733483932554 10
17.63279881619743 10
17.755749909335726 10
17.885928807656498 10
18.023062323613274 10
18.16686391436513 10
18.31703422837243 10
18.473261676378904 10
18.635223025693115 10
18.802584016638924 10
18.975000000000005 10
19.15211659424636 10
19.33357036129104 10
19.518989499490296 10
19.707994552568938 10
19.900199133120765 10
20.095210659306563 10
20.292631103347897 10
20.49205775039151 10
20.693083966299547 10
20.89529997290482 10
21.09829362925388 10
21.301651217352664 10
21.504958230916817 10
21.707800165627035 10
21.909763309384253 10
22.110435531059792 10
22.30940706624061 10
22.506271298471816 10
22.70062553451131 10
22.89207177211908 10
23.080217458920703 10
23.264676240899824 10
23.44506869909516 10
23.62102307309916 10
23.792175969981955 10
23.958173057289606 10
24.11866973879928 10
24.27333181174305 10
24.421836104250847 10
24.563871091798244 10
24.69913749148536 10
24.82734883301661 10
24.948232005293107 10
25.06152777757827 10
25.166991294243907 10
25.264392542154884 10
25.35351678980332 10
25.434164997355403 10
25.506154196830977 10
25.56931784169189 10
25.623506125173392 10
25.668586266752904 10
25.7044427662107 10
25.73097762479859 10
25.74811053309597 10
25.75577902519521 10
25.75393859892302 10
25.742562801868942 10
25.72164328305693 10
25.69118981016188 10
25.651230252238093 10
25.60181052799258 10
25.542994519701548 10
25.474863952934104 10
25.397518242311637 10
25.311074303597003 10
25.21566633247066 10
25.11144555041501 10
24.998579918190856 10
24.87725381745073 10
24.7476677010959 10
24.610037713041866 10
24.46459527811633 10
24.311586662870717 10
24.151272508140075 10
23.983927334242647 10
23.809839019759465 10
23.62930825488681 10
23.442647970402483 10
23.25018274333154 10
23.05224818044437 10
22.849190280759284 10
22.641364778263554 10
22.429136466104737 10
22.212878503537013 10
21.9929717069438 10
21.76980382628404 10
21.543768808341618 10
21.31526604817805 10
21.08469963021559 10
20.85247756039298 10
20.61901099085793 10
20.384713438669472 10
20.149999999999995 10
19.91528656133059 10
19.68098900914213 10
19.44752243960708 10
19.21530036978448 10
18.984733951821937 10
18.756231191658443 10
18.53019617371595 10
18.307028293056263 10
18.08712149646298 10
17.870863533895253 10
17.65863522173644 10
17.450809719240713 10
17.247751819555628 10
17.049817256668454 10
16.85735202959751 10
16.670691745113185 10
16.49016098024058 10
16.31607266575735 10
16.14872749185997 10
15.98841333712933 10
15.835404721883709 10
15.68996228695817 10
15.552332298904137 10
15.4227461825493 10
15.301420081809171 10
15.18855444958502 10
15.084333667529362 10
14.988925696402992 10
14.902481757688385 10
14.825136047065914 10
14.757005480298467 10
14.698189472007432 10
14.648769747761904 10
14.608810189838122 10
14.578356716943068 10
14.557437198131058 10
14.54606140107698 10
14.544220974804794 10
14.551889466904033 10
14.569022375201415 10
14.595557233789313 10
14.631413733247104 10
14.67649387482661 10
14.73068215830809 10
14.79384580316901 10
14.865835002644577 10
14.946483210196652 10
15.035607457845089 10
15.133008705756064 10
15.238472222421697 10
15.35176799470686 10
15.472651166983374 10
15.60086250851463 10
15.73612890820174 10
15.878163895749136 10
16.02666818825693 10
16.181330261200703 10
16.341826942710373 10
16.50782403001803 10
16.67897692690082 10
16.854931300904823 10
17.035323759100155 10
17.219782541079308 10
17.407928227880895 10
17.5993744654887 10
17.793728701528153 10
17.990592933759405 10
18.189564468940148 10
18.39023669061576 10
18.592199834372902 10
18.795041769083188 10
18.99834878264728 10
19.20170637074606 10
19.404700027095124 10
19.6069160337004 10
19.807942249608494 10
20.007368896652043 10
20.204789340693413 10
20.399800866879172 10
20.59200544743104 10
20.78101050050974 10
20.966429638708945 10
21.14788340575362 10
21.32499999999997 10
21.49741598336106 10
21.664776974306864 10
21.826738323621075 10
21.982965771627548 10
22.13313608563485 10
22.276937676386737 10
22.414071192343503 10
22.54425009066428 10
22.667201183802536 10
22.78266516067447 10
22.890397081408015 10
22.99016684473132 10
23.08175962710974 10
23.16497629279677 10
23.239633774017012 10
23.30556542055849 10
23.362621318108182 10
23.410668574724824 10
23.449591574904 10
23.479292200751274 10
23.499690019842888 10
23.51072243941592 10
23.512344826594592 10
23.5045305944238 10
23.487271253545977 10
23.46057642942297 10
23.424473845070025 10
23.37900926933476 10
23.32424643081952 10
23.260266897610965 10
23.18716992304573 10
23.105072257805624 10
23.014107928700422 10
22.914427984558664 10
22.8062002097108 10
22.689608805609467 10
22.564854041193296 10
22.432151872659823 10
22.29173353337057 10
22.14384509467001 10
21.988746998453315 10
21.826713562373108 10
21.65803245862749 10
21.48300416732023 10
21.30194140543522 10
21.115168532510776 10
20.923020934145608 10
20.72584438451057 10
20.523994389078144 10
20.317835508822668 10
20.107740667175975 10
19.89409044105847 10
19.67727233733566 10
19.45768005607625 10
19.23571274201479 10
19.0117742256444 10
18.786272255382453 10
18.55961772227296 10
18.332223878699192 10
18.104505552595946 10
17.876878358655034 10
17.64975790802771 10
17.423559018026047 10
17.198694923329967 10
16.97557649019909 10
16.75461143518745 10
16.53620354984598 10
16.32075193289075 10
16.108650231296807 10
15.900285891762866 10
15.69603942397244 10
15.496283677052032 10
15.30138313060574 10
15.111693201674113 10
14.927559568937133 10
14.749317515448352 10
14.577291291149711 10
14.41179349638239 10
14.253124487565596 10
14.1015718061753 10
13.957409632110286 10
13.8208982624848 10
13.692283616841378 10
13.571796769724497 10
13.459653511505303 10
13.356053938293606 10
13.261182071717323 10
13.175205509293114 10
13.098275106054224 10
13.030524688040838 10
12.972070798199 10
12.923012475171229 10
12.883431065400114 10
12.853390068902709 10
12.832935019008843 10
12.822093396292743 10
12.820874576861334 10
12.82926981509799 10
12.847252260894312 10
12.874777011337274 10
12.911781196753177 10
12.958184100944726 10
13.01388731539234 10
13.078774927125894 10
13.152713739909707 10
13.235553528319173 10
13.327127324225795 10
13.427251735145209 10
13.5357272938417 10
13.652338838524615 10
13.776855922911812 10
13.909033255380676 10
14.048611166369836 10
14.19531610314211 10
14.348861150967451 10
14.508946579732566 10
14.67526041493782 10
14.84747903199412 10
15.025267772687815 10
15.208281582641552 10
15.396165668555913 10
15.588556173982171 10
15.785080872339243 10
15.985359875854977 10
16.189006359083404 10
16.395627295620205 10
16.604824206613205 10
16.816193919644785 10
17.029329336539604 10
17.243820208637715 10
17.459253918056643 10
17.675216263454516 10
17.89129224880023 10
18.10706687364702 10
18.32212592340732 10
18.53605675812232 10
18.748449098227017 10
18.9588958058127 10
19.166993659901983 10
19.372344124258337 10
19.57455410627072 10
19.77323670546661 10
19.968011950230665 10
20.158507521324616 10
20.34435946083274 10
20.52521286518273 10
20.70072256092213 10
20.8705537619655 10
21.03438270705936 10
21.19189727625299 10
21.34279758520092 10
21.48679655616533 10
21.62362046463277 10
21.75300946050307 10
21.87471806285962 10
21.98851562737866 10
22.094186785487445 10
22.19153185443632 10
22.280367217503 10
22.360525673606105 10
22.431856755662217 10
22.494227017080146 10
22.547520285847405 10
22.591637885725252 10
22.62649882413081 10
22.65203994634913 10
22.668216055781343 10
22.675 10
22.67238272244801 10
22.660373279682474 10
22.638998824130816 10
22.60830455239192 10
22.568353619180755 10
22.519227017080144 10
22.461023422328907 10
22.393859006939444 10
22.31786721750297 10
22.233198521102995 10
22.140020118820782 10
22.03851562737867 10
21.928884729526292 10
21.811342793836367 10
21.68612046463278 10
21.553463222832 10
21.41363091853426 10
21.266897276253 10
21.113549373726038 10
20.953887095298896 10
20.7882225609222 10
20.616879531849467 10
20.440192794166144 10
20.258507521324624 10
20.072178616897403 10
19.881570038800017 10
19.68705410627073 10
19.48901079092508 10
19.287826993235328 10
19.083895805812777 10
18.877615764893694 10
18.669390091455664 10
18.45962592340733 10
18.248733540313697 10
18.037125582133573 10
17.825216263454525 10
17.61342058472325 10
17.40215354197106 10
17.191829336539545 10
16.982860586311464 10
16.77565753994655 10
16.570627295620216 10
16.368173025750078 10
16.16869320918832 10
15.972580872339256 10
15.780222840648912 10
15.591999001889254 10
15.408281582641624 10
15.229434439354552 10
15.05581236532752 10
14.887760414937883 10
14.725613246399243 10
14.569694484300848 10
14.420316103142166 10
14.277777833036556 10
14.142366588714063 10
14.014355922911822 10
13.894005505191288 10
13.781560627175036 10
13.677251735145212 10
13.581293990892467 10
13.49388686165248 10
13.41521373990971 10
13.345441593792565 10
13.284720648725656 10
13.23318410094473 10
13.19094786341983 10
13.158110344670606 10
13.13475226089432 10
13.120936481764655 10
13.11670791019467 10
13.122093396292742 10
13.137101685675509 10
13.161723402236031 10
13.195931065400112 10
13.23967914183788 10
13.292904131532332 10
13.355524688040814 10
13.427441772720863 10
13.50853884262644 10
13.598682071717292 10
13.697720604960269 10
13.8054868448386 10
13.921796769724484 10
14.046450283508078 10
14.179231595818123 10
14.319909632110278 10
14.468238472841955 10
14.62395782089892 10
14.786793496382431 10
14.956457957816369 10
15.132650848781672 10
15.315059568937125 10
15.503359868340768 10
15.697216463939064 10
15.896283677051954 10
16.10020609063903 10
16.308619225096123 10
16.52115023129673 10
16.737418599557405 10
16.95703688317923 10
17.17961143518737 10
17.404743156865745 10
17.63202825666321 10
17.861059018026033 10
18.09142457469429 10
18.322711691988356 10
18.55450555259593 10
18.786390545365848 10
19.01795105560629 10
19.24877225538244 10
19.47844089231105 10
19.70654607534818 10
19.93268005607624 10
20.15643900400238 10
20.37742377439179 10
20.59524066717596 10
20.809502175489328 10
21.019827722411467 10
21.225844384510488 10
21.42718760081226 10
21.62350186584404 10
21.81444140543521 10
21.999670833986837 10
22.17886579196076 10
22.35171356237305 10
22.517913665119924 10
22.677178428003337 10
22.82923353337052 10
22.973818539326444 10
23.110687374526584 10
23.23960880560942 10
23.360366876377466 10
23.47276131789199 10
23.576607928700422 10
23.671738924472308 10
23.75800325637905 10
23.835266897610985 10
23.903413097486183 10
23.96234260266809 10
24.01197384507003 10
24.05224309608964 10
24.083104586879315 10
24.1045305944238 10
24.116511493261257 10
24.119055772749256 10
24.1121900198429 10
24.09595886741795 10
24.070424908237342 10
24.035668574724845 10
23.991787984774856 10
23.93889875389185 10
23.877133774017015 10
23.806642959463463 10
23.727592960443108 10
23.64016684473133 10
23.54456374807473 10
23.440998494007808 10
23.329701183802584 10
23.210916757330956 10
23.0849045256768 10
22.95193767638674 10
22.812302752301527 10
22.66629910496089 10
22.514238323621083 10
22.35644364097348 10
22.1932493166944 10
22.02499999999998 10
21.85205007242029 10
21.67476297204228 10
21.49351050050976 10
21.30867211409778 10
21.120634200212585 10
20.929789340693425 10
20.73653556331879 10
20.541275582941847 10
20.34441603370048 10
20.14636669376187 10
19.947539704079407 10
19.74834878264736 10
19.54920843574987 10
19.35053316770632 10
19.152736690615768 10
18.95623113560683 10
18.761426267092748 10
18.56872870152816 10
18.378541132155377 10
18.19126156121424 10
18.007282541079256 10
17.826990425766823 10
17.650764634238165 10
17.478976926900827 10
17.311990696684703 10
17.150160276043714 10
16.99383026120071 10
16.843334854923658 10
16.698997229082476 10
16.56112890820179 10
16.430029175181303 10
16.305984500316757 10
16.189267994706906 10
16.08013888908841 10
15.978842039089436 10
15.885607457845095 10
15.800649876863352 10
15.724168335977936 10
15.656345803169032 10
15.597348824974782 10
15.547327208159947 10
15.506413733247104 10
15.474723900455972 10
15.45235570853474 10
15.439389466904029 10
15.43588764147146 10
15.441894734410305 10
15.457437198131055 10
15.48252338360974 10
15.517143523171452 10
15.561269747761909 10
15.614856138674096 10
15.67783881363178 10
15.750136047065912 10
15.831648424355018 10
15.922259029736324 10
16.02183366752933 10
16.130221116251647 10
16.2472534151425 10
16.372746182549257 10
16.506498965570756 10
16.648295620291453 10
16.79790472188365 10
16.95508000379599 10
17.119560825193243 10
17.291072665757337 10
17.469327646907182 10
17.65402507844651 10
17.84485202959756 10
18.041483923335107 10
18.24358515288894 10
18.45080971924069 10
18.66280188840309 10
18.879196867228643 10
19.09962149646296 10
19.323694959722918 10
19.551029507049275 10
19.781231191658428 10
20.013900618488588 10
20.24863370311772 10
20.485022439607 10
20.72265567580879 10
20.96111989466384 10
21.19999999999998 10
21.43888010533605 10
21.67734432419117 10
21.91497756039297 10
22.151366296882166 10
22.38609938151137 10
22.61876880834153 10
22.84897049295069 10
23.07630504027712 10
23.300378503537 10
23.520803132771395 10
23.737198111596875 10
23.949190280759268 10
24.156414847111087 10
24.35851607666486 10
24.555147970402476 10
24.745974921553454 10
24.93067235309279 10
25.10892733424264 10
25.28043917480673 10
25.444919996203986 10
25.602095278116323 10
25.751704379708485 10
25.893501034429228 10
26.02725381745068 10
26.15274658485748 10
26.2697788837483 10
26.378166332470627 10
26.47774097026366 10
26.56835157564494 10
26.64986395293408 10
26.72216118636821 10
26.78514386132589 10
26.838730252238093 10
26.882856476828543 10
26.917476616390264 10
26.942562801868934 10
26.95810526558969 10
26.96411235852854 10
26.960610533095974 10
26.94764429146525 10
26.92527609954401 10
26.8935862667529 10
26.852672791840064 10
26.802651175025225 10
26.743654196831 10
26.675831664022077 10
26.59935012313669 10
26.51439254215492 10
26.42115796091061 10
26.31986111091165 10
26.21073200529312 10
26.09401549968331 10
25.96997082481872 10
25.838871091798275 10
25.701002770917547 10
25.55666514507637 10
25.406169738799303 10
25.249839723956317 10
25.088009303315324 10
24.9210230730992 10
24.7492353657618 10
24.5730095742332 10
24.392717458920718 10
24.20873843878573 10
24.02145886784465 10
23.8312712984718 10
23.63857373290728 10
23.44376886439313 10
23.247263309384262 10
23.04946683229371 10
22.85079156425017 10
22.651651217352743 10
22.452460295920623 10
22.253633306238164 10
22.055583966299626 10
21.85872441705819 10
21.663464436681306 10
21.47021065930661 10
21.27936579978745 10
21.09132788590231 10
20.906489499490277 10
20.725237027957743 10
20.547949927579733 10
20.37499999999999 10
20.20675068330563 10
20.04355635902649 10
19.88576167637894 10
19.73370089503913 10
19.587697247698443 10
19.44806232361328 10
19.31509547432317 10
19.189083242669067 10
19.070298816197436 10
18.95900150599221 10
18.855436251925287 10
18.75983315526869 10
18.672407039556905 10
18.59335704053657 10
18.52286622598299 10
18.46110124610818 10
18.40821201522516 10
18.36433142527516 10
18.329575091762678 10
18.30404113258206 10
18.287809980157117 10
18.280944227250743 10
18.283488506738745 10
18.2954694055762 10
18.316895413120687 10
18.34775690391035 10
18.38802615492997 10
18.43765739733192 10
18.496586902513805 10
18.564733102389024 10
18.64199674362093 10
18.728261075527705 10
18.823392071299597 10
18.92723868210799 10
19.03963312362252 10
19.16039119439056 10
19.28931262547336 10
19.426181460673536 10
19.570766466629408 10
19.72282157199664 10
19.882086334880004 10
20.048286437626874 10
20.221134208039214 10
20.400329166013087 10
20.585558594564763 10
20.776498134155872 10
20.972812399187703 10
21.17415561548948 10
21.3801722775885 10
21.59049782451064 10
21.804759332824 10
22.022576225608177 10
22.24356099599765 10
22.46731994392373 10
22.693453924651852 10
22.921559107688985 10
23.151227744617525 10
23.382048944393752 10
23.61360945463412 10
23.845494447404107 10
24.07728830801161 10
24.30857542530567 10
24.53894098197393 10
24.76797174333668 10
24.99525684313422 10
25.2203885648126 10
25.442963116820664 10
25.66258140044256 10
25.87884976870317 10
26.09138077490378 10
26.299793909360936 10
26.503716322947948 10
26.70278353606091 10
26.896640131659204 10
27.084940431062847 10
27.267349151218355 10
27.4435420421836 10
27.61320650361759 10
27.77604217910105 10
27.93176152715802 10
28.080090367889746 10
28.22076840418185 10
28.35354971649194 10
28.478203230275493 10
28.594513155161383 10
28.70227939503972 10
28.801317928282693 10
28.891461157373545 10
28.972558227279123 10
29.04447531195916 10
29.10709586846766 10
29.1603208581621 10
29.20406893459988 10
29.238276597763964 10
29.262898314324488 10
29.277906603707255 10
29.28329208980533 10
29.279063518235347 10
29.26524773910568 10
29.241889655329395 10
29.20905213658016 10
29.16681589905528 10
29.11527935127433 10
29.054558406207423 10
28.9847862600903 10
28.906113138347504 10
28.818706009107547 10
28.7227482648548 10
28.61843937282494 10
28.50599449480873 10
28.3856440770882 10
28.257633411285955 10
28.12222216696351 10
27.979683896857857 10
27.83030551569923 10
27.674386753600785 10
27.5122395850622 10
27.344187634672565 10
27.170565560645475 10
26.991718417358463 10
26.80800099811077 10
26.61977715935118 10
26.427419127660777 10
26.23130679081171 10
26.031826974249952 10
25.829372704379814 10
25.624342460053484 10
25.4171394136885 10
25.208170663460415 10
24.99784645802897 10
24.786579415276783 10
24.574783736545434 10
24.362874417866458 10
24.151266459686333 10
23.940374076592704 10
23.73060990854429 10
23.522384235106337 10
23.31610419418725 10
23.112173006764703 10
22.910989209075016 10
22.712945893729295 10
22.518429961200013 10
22.327821383102687 10
22.141492478675467 10
21.959807205833883 10
21.78312046815062 10
21.611777439077883 10
21.44611290470113 10
21.28645062627399 10
21.133102723747022 10
20.98636908146572 10
20.846536777167973 10
20.713879535367244 10
20.58865720616365 10
20.471115270473685 10
20.36148437262135 10
20.259979881179238 10
20.16680147889699 10
20.08213278249701 10
20.00614099306057 10
19.938976577671102 10
19.880772982919865 10
19.83164638081925 10
19.79169544760808 10
19.76100117586919 10
19.73962672031753 10
19.727617277551992 10
19.725 10
19.731783944218652 10
19.747960053650857 10
19.773501175869196 10
19.80836211427474 10
19.85247971415257 10
19.90577298291983 10
19.96814324433777 10
20.03947432639388 10
20.11963278249699 10
20.208468145563693 10
20.30581321451254 10
20.411484372621324 10
20.5252819371404 10
20.64699053949695 10
20.77637953536721 10
20.91320344383465 10
21.057202414799107 10
21.208102723746983 10
21.36561729294062 10
21.529446238034478 10
21.699277439077783 10
21.87478713481724 10
22.05564053916723 10
22.241492478675355 10
22.43198804976924 10
22.62676329453336 10
22.825445893729245 10
23.02765587574157 10
23.23300634009792 10
23.441104194187268 10
23.65155090177295 10
23.86394324187758 10
24.077874076592718 10
24.292933126352946 10
24.508707751199736 10
24.72478373654552 10
24.940746081943395 10
25.156179791362256 10
25.370670663460363 10
25.58380608035525 10
25.79517579338676 10
26.004372704379765 10
26.210993640916566 10
26.41464012414506 10
26.614919127660723 10
26.8114438260178 10
27.00383433144406 10
27.19171841735836 10
27.37473222731215 10
27.55252096800585 10
27.724739585062096 10
27.891053420267355 10
28.05113884903252 10
28.204683896857816 10
28.351388833630097 10
28.4909667446193 10
28.623144077088163 10
28.747661161475364 10
28.86427270615832 10
28.97274826485481 10
29.07287267577419 10
29.16444647168081 10
29.247286260090306 10
29.321225072874096 10
29.38611268460765 10
29.441815899055285 10
29.488218803246838 10
29.525222988662723 10
29.552747739105683 10
29.570730184902004 10
29.579125423138667 10
29.577906603707262 10
29.567064980991155 10
29.546609931097304 10
29.516568934599903 10
29.47698752482878 10
29.427929201801007 10
29.369475311959192 10
29.30172489394579 10
29.2247944907069 10
29.13881792828272 10
29.043946061706443 10
28.94034648849471 10
28.828203230275527 10
28.70771638315864 10
28.579101737515177 10
28.44259036788974 10
28.298428193824726 10
28.146875512434377 10
27.988206503617583 10
27.822708708850318 10
27.65068248455168 10
27.47244043106284 10
27.28830679832592 10
27.09861686939429 10
26.903716322948 10
26.70396057602765 10
26.499714108237164 10
26.291349768703228 10
26.079248067109283 10
25.863796450154123 10
25.64538856481258 10
25.424423509800945 10
25.201305076670145 10
24.97644098197406 10
24.75024209197232 10
24.523121641345 10
24.295494447404167 10
24.067776121300767 10
23.84038227772707 10
23.613727744617584 10
23.388225774355565 10
23.164287257985176 10
22.942319943923785 10
22.722727662664376 10
22.505909558941497 10
22.29225933282406 10
22.08216449117736 10
21.876005610921887 10
21.674155615489468 10
21.47697906585443 10
21.284831467489248 10
21.098058594564804 10
20.916995832679856 10
20.74196754137253 10
20.57328643762692 10
20.41125300154676 10
20.256154905330064 10
20.108266466629445 10
19.96784812734024 10
19.835145958806763 10
19.710391194390557 10
19.59379979028921 10
19.485572015441356 10
19.385892071299555 10
19.294927742194368 10
19.212830076954287 10
19.139733102389044 10
19.07575356918047 10
19.02099073066525 10
18.975526154929987 10
18.93942357057702 10
18.912728746454015 10
18.8954694055762 10
18.88765517340541 10
18.88927756058408 10
18.90030998015711 10
18.92070779924872 10
18.950408425096 10
18.98933142527515 10
19.037378681891788 10
19.094434579441497 10
19.160366225982973 10
19.235023707203197 10
19.318240372890244 10
19.409833155268664 10
19.50960291859193 10
19.61733483932555 10
19.73279881619744 10
19.8557499093357 10
19.985928807656475 10
20.12306232361329 10
20.266863914365125 10
20.417034228372422 10
20.573261676378955 10
20.73522302569317 10
20.902584016638915 10
21.075 10
21.252116594246417 10
21.433570361291032 10
21.61898949949023 10
21.807994552568925 10
22.00019913312073 10
22.19521065930656 10
22.39263110334792 10
22.592057750391465 10
22.793083966299506 10
22.99529997290484 10
23.198293629253904 10
23.40165121735262 10
23.604958230916708 10
23.80780016562706 10
24.00976330938421 10
24.21043553105975 10
24.409407066240632 10
24.606271298471817 10
24.80062553451127 10
24.992071772119136 10
25.18021745892073 10
25.364676240899826 10
25.545068699095093 10
25.721023073099207 10
25.892175969981945 10
26.058173057289608 10
26.21866973879927 10
26.373331811743043 10
26.521836104250845 10
26.66387109179824 10
26.79913749148535 10
26.927348833016563 10
27.048232005293123 10
27.16152777757829 10
27.266991294243887 10
27.36439254215486 10
27.45351678980333 10
27.53416499735539 10
27.60615419683096 10
27.669317841691896 10
27.72350612517338 10
27.768586266752894 10
27.8044427662107 10
27.83097762479859 10
27.84811053309597 10
27.855779025195208 10
27.853938598923023 10
27.842562801868944 10
27.821643283056936 10
27.79118981016188 10
27.75123025223809 10
27.701810527992578 10
27.64299451970154 10
27.5748639529341 10
27.497518242311635 10
27.411074303597022 10
27.31566633247065 10
27.211445550415032 10
27.09857991819088 10
26.977253817450716 10
26.84766770109592 10
26.71003771304189 10
26.564595278116315 10
26.41158666287069 10
26.251272508140104 10
26.083927334242627 10
25.909839019759445 10
25.729308254886845 10
25.54264797040252 10
25.35018274333152 10
25.15224818044441 10
24.949190280759325 10
24.741364778263527 10
24.52913646610472 10
24.31287850353706 10
24.092971706943764 10
23.869803826284013 10
23.64376880834159 10
23.415266048178104 10
23.184699630215555 10
22.952477560393028 10
22.719010990857903 10
22.484713438669445 10
22.250000000000043 10
22.015286561330637 10
21.78098900914211 10
21.547522439607054 10
21.315300369784524 10
21.08473395182205 10
20.856231191658413 10
20.630196173716 10
20.40702829305631 10
20.18712149646295 10
19.97086353389529 10
19.758635221736483 10
19.55080971924069 10
19.3477518195556 10
19.14981725666849 10
18.957352029597548 10
18.770691745113165 10
18.590160980240565 10
18.41607266575738 10
18.24872749185995 10
18.08841333712932 10
17.935404721883693 10
17.78996228695815 10
17.652332298904124 10
17.52274618254933 10
17.401420081809157 10
17.288554449585003 10
17.18433366752938 10
17.08892569640304 10
17.002481757688372 10
16.925136047065926 10
16.85700548029848 10
16.79818947200743 10
16.748769747761912 10
16.708810189838125 10
16.678356716943068 10
16.65743719813106 10
16.646061401076977 10
16.644220974804792 10
16.651889466904034 10
16.66902237520141 10
16.6955572337893 10
16.731413733247106 10
16.776493874826617 10
16.830682158308104 10
16.893845803169015 10
16.96583500264458 10
17.04648321019667 10
17.1356074578451 10
17.233008705756074 10
17.33847222242167 10
17.451767994706834 10
17.572651166983388 10
17.700862508514597 10
17.836128908201715 10
17.97816389574916 10
18.126668188256957 10
18.281330261200672 10
18.441826942710392 10
18.607824030018044 10
18.778976926900786 10
18.954931300904786 10
19.13532375910018 10
19.319782541079277 10
19.50792822788086 10
19.699374465488727 10
19.89372870152818 10
20.090592933759364 10
20.28956446894017 10
20.49023669061578 10
20.69219983437294 10
20.89504176908316 10
21.098348782647307 10
21.301706370746015 10
21.504700027095154 10
21.706916033700416 10
21.907942249608453 10
22.107368896652 10
22.30478934069344 10
22.4998008668792 10
22.692005447431008 10
22.88101050050965 10
23.066429638708964 10
23.247883405753583 10
23.424999999999933 10
23.597415983361078 10
23.764776974306827 10
23.926738323621045 10
24.08296577162757 10
24.23313608563487 10
24.376937676386703 10
24.514071192343472 10
24.644250090664293 10
24.767201183802552 10
24.88266516067444 10
24.990397081408037 10
25.090166844731336 10
25.18175962710976 10
25.26497629279677 10
25.339633774017 10
25.40556542055848 10
25.462621318108187 10
25.510668574724825 10
25.549591574903992 10
25.579292200751265 10
25.59969001984289 10
25.61072243941592 10
25.612344826594597 10
25.6045305944238 10
25.58727125354598 10
25.56057642942298 10
25.524473845070023 10
25.47900926933476 10
25.424246430819537 10
25.360266897611005 10
25.28716992304572 10
25.20507225780564 10
25.114107928700445 10
25.01442798455868 10
24.9062002097108 10
24.789608805609458 10
24.664854041193284 10
24.53215187265981 10
24.39173353337056 10
24.24384509466999 10
24.088746998453296 10
23.926713562373138 10
23.75803245862752 10
23.58300416732021 10
23.40194140543526 10
23.215168532510816 10
23.02302093414558 10
22.82584438451054 10
22.623994389078184 10
22.41783550882264 10
22.207740667175948 10
21.994090441058518 10
21.777272337335773 10
21.557680056076222 10
21.335712742014834 10
21.11177422564444 10
20.886272255382423 10
20.659617722272937 10
20.43222387869924 10
20.20450555259592 10
19.976878358655007 10
19.74975790802769 10
19.52355901802609 10
19.298694923329936 10
19.075576490199133 10
18.854611435187422 10
18.636203549845952 10
18.4207519328908 10
18.20865023129685 10
18.000285891762843 10
17.796039423972417 10
17.59628367705207 10
17.401383130605716 10
17.211693201674088 10
17.027559568937168 10
16.849317515448384 10
16.677291291149693 10
16.511793496382424 10
16.35312448756563 10
16.20157180617528 10
16.057409632110268 10
15.920898262484826 10
15.7922836168414 10
15.67179676972448 10
15.559653511505296 10
15.456053938293628 10
15.361182071717316 10
15.275205509293103 10
15.198275106054217 10
15.130524688040827 10
15.07207079819901 10
15.023012475171235 10
14.983431065400111 10
14.953390068902706 10
14.93293501900885 10
14.922093396292746 10
14.920874576861332 10
14.929269815097983 10
14.947252260894306 10
14.974777011337274 10
15.011781196753168 10
15.058184100944718 10
15.11388731539235 10
15.178774927125902 10
15.25271373990969 10
15.335553528319126 10
15.427127324225806 10
15.527251735145184 10
15.63572729384168 10
15.75233883852459 10
15.876855922911831 10
16.009033255380697 10
16.148611166369854 10
16.295316103142127 10
16.448861150967474 10
16.608946579732585 10
16.77526041493784 10
16.947479031994085 10
17.12526777268778 10
17.308281582641577 10
17.49616566855587 10
17.688556173982132 10
17.88508087233927 10
18.08535987585493 10
18.28900635908336 10
18.49562729562023 10
18.70482420661323 10
18.91619391964474 10
19.12932933653949 10
19.343820208637737 10
19.5592539180566 10
19.77521626345447 10
19.991292248800256 10
20.207066873647047 10
20.42212592340728 10
20.636056758122347 10
20.848449098227043 10
21.058895805812725 10
21.266993659901942 10
21.472344124258363 10
21.67455410627068 10
21.87323670546664 10
22.06801195023069 10
22.258507521324574 10
22.444359460832704 10
22.62521286518275 10
22.800722560922157 10
22.97055376196547 10
23.13438270705938 10
23.29189727625301 10
23.44279758520089 10
23.5867965561653 10
23.723620464632788 10
23.85300946050305 10
23.9747180628596 10
24.088515627378676 10
24.194186785487453 10
24.291531854436307 10
24.380367217502982 10
24.460525673606117 10
24.531856755662226 10
24.59422701708013 10
24.647520285847413 10
24.691637885725257 10
24.726498824130807 10
24.752039946349136 10
24.768216055781338 10
24.775 10
24.772382722448008 10
24.760373279682472 10
24.738998824130817 10
24.708304552391944 10
24.66835361918075 10
24.61922701708016 10
24.56102342232892 10
24.493859006939434 10
24.417867217502994 10
24.33319852110301 10
24.24002011882077 10
24.13851562737865 10
24.02888472952632 10
23.911342793836354 10
23.78612046463276 10
23.65346322283203 10
23.51363091853429 10
23.366897276253027 10
23.21354937372601 10
23.05388709529888 10
22.888222560922177 10
22.716879531849443 10
22.54019279416612 10
22.3585075213246 10
22.17217861689738 10
21.981570038800054 10
21.78705410627084 10
21.58901079092506 10
21.38782699323537 10
21.18389580581282 10
20.977615764893667 10
20.76939009145571 10
20.55962592340737 10
20.348733540313678 10
20.13712558213355 10
19.92521626345457 10
19.71342058472336 10
19.502153541971037 10
19.291829336539585 10
19.082860586311504 10
18.875657539946523 10
18.67062729562019 10
18.46817302575012 10
18.268693209188296 10
18.07258087233923 10
17.880222840648887 10
17.691999001889293 10
17.508281582641597 10
17.32943443935459 10
17.155812365327495 10
16.987760414937863 10
16.825613246399275 10
16.66969448430088 10
16.52031610314215 10
16.37777783303654 10
16.24236658871409 10
16.114355922911805 10
15.994005505191272 10
15.88156062717506 10
15.777251735145237 10
15.681293990892456 10
15.5938868616525 10
15.51521373990973 10
15.445441593792554 10
15.384720648725668 10
15.333184100944738 10
15.29094786341984 10
15.258110344670602 10
15.234752260894318 10
15.220936481764658 10
15.216707910194671 10
15.222093396292738 10
15.237101685675505 10
15.261723402236036 10
15.295931065400106 10
15.33967914183787 10
15.39290413153234 10
15.455524688040825 10
15.527441772720852 10
15.608538842626402 10
15.6986820717173 10
15.797720604960244 10
15.905486844838578 10
16.0217967697245 10
16.146450283508052 10
16.2792315958181 10
16.419909632110297 10
16.568238472841973 10
16.723957820898885 10
16.886793496382452 10
17.056457957816388 10
17.23265084878164 10
17.415059568937085 10
17.603359868340732 10
17.797216463939087 10
17.99628367705198 10
18.200206090639053 10
18.40861922509615 10
18.621150231296756 10
18.837418599557434 10
19.057036883179254 10
19.279611435187324 10
19.50474315686563 10
19.73202825666324 10
19.96105901802599 10
20.19142457469425 10
20.422711691988383 10
